2675	1
2284	2
13	3
4056	4
5027	5
9505	6
4148	7
8973	8
9542	9
6840	10
1055	11
2446	12
4215	13
9820	14
603	15
6173	16
2732	17
516	18
3921	19
4564	20
9196	21
5083	22
7704	23
8008	24
8985	25
8936	26
9566	27
5189	28
4547	29
5015	30
8409	31
9246	32
2334	33
6748	34
5757	35
7558	36
957	37
3887	38
5254	39
1261	40
4058	41
2898	42
1555	43
8070	44
4191	45
2538	46
789	47
7541	48
5784	49
1112	50
8061	51
1746	52
9130	53
7269	54
7854	55
8827	56
7797	57
1136	58
1892	59
3619	60
4251	61
2481	62
1822	63
3283	64
3897	65
9701	66
7834	67
8795	68
6617	69
5765	70
5980	71
9507	72
1706	73
310	74
386	75
6532	76
1509	77
1495	78
1830	79
1733	80
295	81
6338	82
771	83
662	84
5372	85
3624	86
9360	87
1843	88
393	89
2901	90
6376	91
3645	92
1911	93
491	94
7520	95
1293	96
3150	97
745	98
5280	99
2838	100
9384	101
7539	102
5354	103
3373	104
8883	105
2930	106
3172	107
265	108
1846	109
4974	110
6200	111
3004	112
8817	113
2775	114
7956	115
6325	116
919	117
1095	118
6012	119
944	120
1851	121
4386	122
7101	123
5692	124
132	125
6417	126
9234	127
2126	128
7395	129
6706	130
2710	131
6010	132
41	133
8198	134
8750	135
1866	136
2292	137
2233	138
3104	139
7862	140
8944	141
7336	142
4789	143
4760	144
9634	145
2144	146
5409	147
4800	148
9119	149
2422	150
1432	151
7024	152
1864	153
5541	154
6544	155
3419	156
5454	157
2258	158
9631	159
3381	160
1169	161
273	162
8317	163
9407	164
644	165
4048	166
240	167
9341	168
7810	169
6540	170
2793	171
5092	172
3255	173
898	174
3161	175
9207	176
7478	177
2661	178
620	179
8726	180
4303	181
2936	182
8706	183
731	184
5091	185
9606	186
58	187
1033	188
8784	189
9831	190
883	191
7270	192
6347	193
1976	194
9264	195
3915	196
8836	197
332	198
6863	199
7118	200
6096	201
2724	202
8919	203
5256	204
2563	205
8079	206
8399	207
2671	208
5253	209
7898	210
9892	211
504	212
4772	213
6088	214
8738	215
5480	216
5089	217
9	218
3583	219
9676	220
2325	221
6861	222
9406	223
1928	224
1871	225
1873	226
2501	227
2467	228
582	229
8569	230
3779	231
9752	232
3081	233
115	234
8450	235
9493	236
7652	237
7086	238
1573	239
5976	240
2592	241
1010	242
8039	243
1168	244
8290	245
3449	246
9063	247
2197	248
2760	249
4665	250
4813	251
6974	252
802	253
70	254
9572	255
5420	256
56	257
360	258
1882	259
3964	260
2382	261
3855	262
2293	263
5557	264
9232	265
7203	266
711	267
5787	268
8390	269
6921	270
2925	271
7353	272
9325	273
302	274
4900	275
7736	276
7003	277
7950	278
2344	279
1351	280
4890	281
1392	282
3442	283
3686	284
2603	285
4282	286
9293	287
4615	288
3492	289
2939	290
531	291
9850	292
184	293
8724	294
8268	295
1608	296
6351	297
3763	298
3907	299
5271	300
3951	301
4717	302
336	303
1167	304
5166	305
2380	306
7883	307
544	308
1789	309
7882	310
7726	311
4381	312
2174	313
6959	314
9078	315
3149	316
3517	317
9906	318
765	319
4393	320
68	321
9690	322
1570	323
3052	324
559	325
2142	326
3131	327
1005	328
8770	329
2411	330
1091	331
5432	332
4857	333
9248	334
1929	335
3200	336
8316	337
6208	338
6350	339
1365	340
7454	341
80	342
4832	343
1086	344
7538	345
5136	346
8803	347
7182	348
3773	349
8579	350
689	351
5510	352
7412	353
4241	354
9244	355
9178	356
9884	357
5	358
5205	359
5168	360
9032	361
1660	362
2430	363
635	364
4607	365
2779	366
8570	367
550	368
7	369
7274	370
9875	371
2885	372
2410	373
6552	374
3386	375
2318	376
1719	377
1434	378
4084	379
1562	380
7181	381
3459	382
1561	383
4626	384
6688	385
3266	386
3963	387
798	388
1935	389
1576	390
5125	391
4226	392
1692	393
421	394
1850	395
5805	396
6505	397
1515	398
9590	399
4983	400
8385	401
3487	402
4263	403
1175	404
7925	405
462	406
753	407
411	408
6810	409
5766	410
5742	411
2886	412
3970	413
2107	414
1895	415
7092	416
7232	417
5850	418
8028	419
7547	420
6153	421
3278	422
3221	423
727	424
8958	425
7356	426
1798	427
743	428
6936	429
51	430
9071	431
5037	432
3397	433
7563	434
7349	435
2770	436
3601	437
9470	438
4558	439
6914	440
1224	441
8412	442
3671	443
4698	444
9433	445
7404	446
636	447
5046	448
7924	449
6587	450
8168	451
2832	452
3546	453
20	454
3904	455
137	456
2977	457
9333	458
1745	459
3355	460
2751	461
9818	462
6448	463
2513	464
1395	465
8144	466
1007	467
9672	468
1699	469
9461	470
574	471
9037	472
3015	473
3317	474
2623	475
2981	476
820	477
7183	478
9282	479
834	480
1584	481
9469	482
7008	483
5920	484
2764	485
2656	486
1222	487
6755	488
7830	489
4341	490
6024	491
7935	492
275	493
4595	494
8763	495
2075	496
4	497
8948	498
3700	499
5213	500
5947	501
8138	502
2769	503
2608	504
7155	505
1616	506
3226	507
2141	508
1410	509
2177	510
6319	511
6392	512
6390	513
88	514
8859	515
89	516
3868	517
9045	518
4026	519
7474	520
6589	521
8374	522
9173	523
9035	524
7258	525
2712	526
4590	527
5679	528
8480	529
1553	530
3335	531
8471	532
21	533
5398	534
4666	535
4962	536
5611	537
8680	538
6009	539
8463	540
9188	541
5554	542
3159	543
9292	544
3483	545
1906	546
7871	547
4307	548
7644	549
7346	550
6397	551
4391	552
2231	553
8695	554
4210	555
3936	556
7065	557
6874	558
5698	559
4410	560
8091	561
4338	562
1881	563
5261	564
3125	565
611	566
2366	567
4715	568
9654	569
6001	570
8187	571
684	572
4352	573
5047	574
7169	575
3173	576
8339	577
4738	578
1276	579
3504	580
2728	581
3163	582
7098	583
155	584
4004	585
9753	586
1764	587
5710	588
3263	589
3611	590
9245	591
9616	592
1282	593
2865	594
204	595
3865	596
9289	597
8935	598
2761	599
6651	600
9410	601
2762	602
8515	603
1828	604
5884	605
72	606
8884	607
4568	608
3097	609
6997	610
4097	611
622	612
1797	613
417	614
3512	615
8690	616
9766	617
6381	618
3817	619
4383	620
9010	621
2297	622
3871	623
5941	624
38	625
9482	626
934	627
6033	628
901	629
6253	630
9544	631
8956	632
937	633
3082	634
1143	635
9165	636
6954	637
554	638
7190	639
1044	640
5193	641
7067	642
1624	643
9301	644
2452	645
8300	646
8043	647
1949	648
4732	649
2444	650
1484	651
2955	652
1734	653
9423	654
6543	655
4793	656
8216	657
1331	658
4696	659
7359	660
808	661
8576	662
8996	663
4993	664
661	665
1910	666
9403	667
3477	668
6960	669
262	670
2001	671
6310	672
5333	673
8455	674
3430	675
6130	676
7361	677
444	678
821	679
3144	680
8481	681
7607	682
7230	683
6043	684
4242	685
3551	686
1163	687
1940	688
4401	689
4721	690
9227	691
8910	692
6927	693
8940	694
6952	695
2201	696
1642	697
1400	698
2626	699
6423	700
7604	701
5291	702
5230	703
3814	704
5200	705
8796	706
5908	707
6626	708
6307	709
4147	710
6907	711
3267	712
2684	713
5912	714
1577	715
3509	716
5163	717
6044	718
5669	719
872	720
9319	721
4422	722
2631	723
1032	724
1149	725
6322	726
4006	727
6181	728
5121	729
6987	730
9446	731
2716	732
3124	733
6996	734
6948	735
2932	736
2647	737
7958	738
9354	739
9409	740
350	741
1295	742
3399	743
4290	744
9352	745
3502	746
5103	747
1336	748
7849	749
3288	750
2612	751
4924	752
3231	753
7759	754
9358	755
9649	756
8263	757
1409	758
4494	759
371	760
1800	761
4579	762
2847	763
9094	764
2185	765
1085	766
8567	767
5471	768
1748	769
2417	770
7485	771
580	772
6039	773
7831	774
2733	775
6622	776
1678	777
2317	778
1807	779
61	780
8213	781
7757	782
2958	783
599	784
7221	785
5377	786
3679	787
7694	788
4827	789
2988	790
9002	791
7019	792
4565	793
483	794
7111	795
5704	796
4014	797
8389	798
2136	799
2617	800
4761	801
2368	802
6547	803
5650	804
5747	805
1839	806
4949	807
118	808
4079	809
3743	810
2705	811
3485	812
6314	813
6315	814
4309	815
4525	816
7829	817
7014	818
7172	819
983	820
4388	821
7523	822
854	823
725	824
6834	825
7805	826
9526	827
9472	828
152	829
726	830
1927	831
3885	832
7714	833
2757	834
410	835
8183	836
3559	837
2826	838
7211	839
1500	840
9483	841
2152	842
4068	843
6084	844
9348	845
9147	846
4733	847
2837	848
8404	849
4427	850
3310	851
10	852
2949	853
6356	854
6665	855
3841	856
5791	857
5558	858
2768	859
6646	860
5876	861
4001	862
772	863
8243	864
6740	865
5452	866
672	867
1514	868
6504	869
8376	870
4246	871
5010	872
6106	873
7302	874
5203	875
5578	876
551	877
7550	878
1913	879
4753	880
5644	881
2995	882
8314	883
4024	884
4369	885
4227	886
8331	887
3156	888
4504	889
9092	890
6545	891
1579	892
7639	893
3223	894
5063	895
6435	896
2019	897
1173	898
7234	899
7385	900
3586	901
9046	902
8053	903
3861	904
8781	905
4561	906
2993	907
5926	908
5030	909
3140	910
1801	911
517	912
882	913
7477	914
3363	915
9609	916
230	917
1158	918
1650	919
4524	920
7495	921
8298	922
3285	923
631	924
7156	925
7374	926
6823	927
6221	928
6781	929
7099	930
343	931
1632	932
5178	933
4513	934
4221	935
5342	936
2525	937
1838	938
6832	939
7762	940
744	941
5447	942
4673	943
1521	944
2008	945
7034	946
4809	947
5849	948
333	949
521	950
5863	951
4649	952
3844	953
7074	954
859	955
7335	956
9674	957
120	958
9193	959
7802	960
8591	961
9160	962
5250	963
4840	964
1288	965
5461	966
1078	967
6451	968
9555	969
5489	970
8808	971
8059	972
5170	973
8060	974
4260	975
7451	976
6428	977
2203	978
7991	979
7823	980
6636	981
2236	982
7543	983
2401	984
2374	985
2540	986
3588	987
8312	988
6949	989
8821	990
8628	991
4291	992
8978	993
8983	994
6939	995
6034	996
6109	997
6472	998
6944	999
6938	1000
792	1001
150	1002
9342	1003
9683	1004
8020	1005
2979	1006
4325	1007
8646	1008
7776	1009
6137	1010
5982	1011
1132	1012
2599	1013
5600	1014
1730	1015
5937	1016
2061	1017
5817	1018
9014	1019
8438	1020
2978	1021
2639	1022
2359	1023
6694	1024
1986	1025
7789	1026
1442	1027
3978	1028
7679	1029
3323	1030
5153	1031
2646	1032
536	1033
1123	1034
124	1035
5682	1036
1011	1037
4686	1038
2736	1039
7425	1040
7191	1041
7225	1042
3071	1043
7020	1044
8131	1045
7938	1046
3627	1047
7481	1048
3962	1049
2187	1050
1447	1051
1450	1052
6728	1053
9751	1054
3451	1055
9595	1056
8360	1057
5139	1058
3531	1059
3166	1060
4644	1061
7251	1062
3729	1063
4225	1064
9028	1065
2726	1066
3383	1067
8452	1068
4036	1069
4546	1070
7071	1071
2337	1072
5552	1073
9807	1074
3074	1075
8277	1076
6875	1077
3468	1078
4485	1079
6751	1080
1556	1081
6507	1082
24	1083
8658	1084
3112	1085
4252	1086
3569	1087
7189	1088
2045	1089
6766	1090
6852	1091
7076	1092
9741	1093
7358	1094
6667	1095
1861	1096
3351	1097
7545	1098
9190	1099
8494	1100
760	1101
2537	1102
5734	1103
7893	1104
1572	1105
7080	1106
1287	1107
3274	1108
709	1109
9008	1110
6930	1111
1350	1112
11	1113
3929	1114
4169	1115
3932	1116
3270	1117
1069	1118
7967	1119
130	1120
5308	1121
1026	1122
2068	1123
320	1124
8976	1125
7716	1126
4624	1127
4463	1128
6008	1129
950	1130
2361	1131
8181	1132
6709	1133
244	1134
4461	1135
584	1136
7865	1137
2275	1138
8882	1139
4281	1140
4322	1141
2474	1142
8064	1143
4171	1144
5919	1145
229	1146
3237	1147
7628	1148
2403	1149
6290	1150
1396	1151
3228	1152
8747	1153
3027	1154
805	1155
4161	1156
459	1157
151	1158
46	1159
9121	1160
7658	1161
1814	1162
3792	1163
60	1164
5472	1165
2287	1166
639	1167
914	1168
560	1169
65	1170
3565	1171
776	1172
5114	1173
5160	1174
3804	1175
5406	1176
3369	1177
3316	1178
4310	1179
6745	1180
3167	1181
6700	1182
5550	1183
7252	1184
8897	1185
9013	1186
3523	1187
3168	1188
6758	1189
6714	1190
7241	1191
8493	1192
1680	1193
1076	1194
4829	1195
3730	1196
5634	1197
2572	1198
378	1199
1783	1200
1894	1201
1215	1202
1893	1203
6373	1204
6619	1205
7321	1206
9905	1207
2464	1208
7980	1209
4886	1210
231	1211
5172	1212
3752	1213
9679	1214
9597	1215
395	1216
801	1217
3889	1218
6618	1219
615	1220
8142	1221
6902	1222
9420	1223
51	1224
4790	1225
374	1226
6038	1227
5490	1228
9733	1229
9800	1230
6317	1231
6721	1232
1511	1233
9023	1234
6945	1235
2012	1236
6765	1237
1569	1238
4501	1239
5072	1240
40	1241
7338	1242
7668	1243
8758	1244
5086	1245
6977	1246
6473	1247
7651	1248
8984	1249
2388	1250
7927	1251
5202	1252
2071	1253
7285	1254
931	1255
3940	1256
714	1257
3219	1258
6020	1259
3600	1260
3478	1261
2983	1262
1714	1263
1920	1264
8583	1265
8178	1266
3863	1267
2219	1268
6075	1269
6917	1270
1641	1271
9221	1272
3585	1273
8499	1274
5705	1275
2873	1276
1945	1277
7255	1278
5181	1279
6890	1280
7120	1281
9511	1282
630	1283
6691	1284
81	1285
9713	1286
585	1287
5869	1288
5042	1289
9642	1290
3883	1291
1192	1292
2129	1293
6716	1294
131	1295
2206	1296
8461	1297
1899	1298
8518	1299
6162	1300
4963	1301
2213	1302
905	1303
8435	1304
888	1305
3815	1306
3537	1307
4179	1308
7465	1309
5506	1310
775	1311
7796	1312
4903	1313
3245	1314
1218	1315
902	1316
875	1317
8674	1318
7184	1319
9033	1320
5216	1321
1544	1322
9694	1323
4851	1324
1210	1325
1171	1326
512	1327
354	1328
9478	1329
7990	1330
9860	1331
1034	1332
5445	1333
6302	1334
2582	1335
4366	1336
9667	1337
9427	1338
1453	1339
2668	1340
6091	1341
8989	1342
7646	1343
9795	1344
5260	1345
8369	1346
9451	1347
36	1348
5243	1349
6981	1350
4604	1351
8378	1352
6121	1353
2581	1354
3170	1355
8075	1356
1596	1357
9255	1358
7785	1359
989	1360
4676	1361
6826	1362
8809	1363
2033	1364
8661	1365
5262	1366
4992	1367
4368	1368
7825	1369
8647	1370
1962	1371
7318	1372
2154	1373
8429	1374
7888	1375
489	1376
9111	1377
8681	1378
4891	1379
7030	1380
7560	1381
3128	1382
3680	1383
8363	1384
8888	1385
4594	1386
6007	1387
5418	1388
6978	1389
9198	1390
3018	1391
4722	1392
3079	1393
3019	1394
7058	1395
3717	1396
95	1397
509	1398
6523	1399
1598	1400
9580	1401
2911	1402
8121	1403
2915	1404
1383	1405
1727	1406
769	1407
6593	1408
319	1409
7985	1410
2023	1411
5219	1412
4087	1413
6067	1414
8073	1415
2569	1416
8832	1417
1840	1418
8691	1419
8879	1420
8979	1421
4803	1422
6478	1423
6434	1424
4892	1425
7974	1426
4926	1427
8708	1428
6279	1429
587	1430
3770	1431
2594	1432
1254	1433
9052	1434
4382	1435
542	1436
1332	1437
8811	1438
9591	1439
1504	1440
6027	1441
8886	1442
488	1443
4914	1444
7503	1445
6573	1446
5239	1447
750	1448
4234	1449
9153	1450
15	1451
7317	1452
903	1453
7923	1454
7758	1455
4796	1456
5598	1457
3196	1458
3776	1459
8199	1460
9644	1461
8891	1462
8725	1463
7352	1464
9656	1465
1110	1466
5523	1467
659	1468
8833	1469
9900	1470
1758	1471
2139	1472
3606	1473
7551	1474
190	1475
6590	1476
8597	1477
9873	1478
9545	1479
7277	1480
9074	1481
5137	1482
9347	1483
206	1484
4770	1485
4061	1486
7530	1487
9328	1488
3602	1489
4053	1490
704	1491
6432	1492
9131	1493
7926	1494
1278	1495
4778	1496
1259	1497
3812	1498
1103	1499
4980	1500
9029	1501
8709	1502
2391	1503
7301	1504
2324	1505
7593	1506
3309	1507
4089	1508
8154	1509
5627	1510
6420	1511
3768	1512
6879	1513
6468	1514
6296	1515
7876	1516
1443	1517
3890	1518
8370	1519
4131	1520
634	1521
8076	1522
3803	1523
7009	1524
4160	1525
9777	1526
2348	1527
5149	1528
1593	1529
7137	1530
8093	1531
6404	1532
6942	1533
5004	1534
5693	1535
5053	1536
4948	1537
6186	1538
2434	1539
3696	1540
7826	1541
2674	1542
1452	1543
8900	1544
6887	1545
6481	1546
2319	1547
2442	1548
8876	1549
9235	1550
6289	1551
1236	1552
4238	1553
3734	1554
7609	1555
8465	1556
2089	1557
6463	1558
8521	1559
3790	1560
3822	1561
3055	1562
6111	1563
1436	1564
5815	1565
7226	1566
5090	1567
9073	1568
5127	1569
4102	1570
3101	1571
2666	1572
8916	1573
5691	1574
4771	1575
1006	1576
3160	1577
3595	1578
9336	1579
4578	1580
9261	1581
1905	1582
1127	1583
9882	1584
134	1585
9858	1586
5828	1587
9720	1588
8992	1589
7479	1590
9813	1591
8901	1592
6136	1593
1242	1594
8988	1595
6560	1596
9113	1597
10	1598
1872	1599
4299	1600
7135	1601
2685	1602
316	1603
3539	1604
1925	1605
6912	1606
562	1607
519	1608
325	1609
7783	1610
1490	1611
1341	1612
5560	1613
4486	1614
3745	1615
9786	1616
5038	1617
3030	1618
9146	1619
7525	1620
3637	1621
3873	1622
7083	1623
7580	1624
1454	1625
5985	1626
6113	1627
1639	1628
4806	1629
953	1630
7738	1631
9687	1632
6802	1633
6380	1634
982	1635
1237	1636
9432	1637
9277	1638
8038	1639
4323	1640
9510	1641
4378	1642
9167	1643
1646	1644
2035	1645
2622	1646
6329	1647
817	1648
6956	1649
5827	1650
2445	1651
3846	1652
9863	1653
2323	1654
669	1655
1711	1656
7424	1657
5534	1658
2650	1659
4436	1660
965	1661
571	1662
2514	1663
1042	1664
632	1665
4807	1666
7372	1667
2891	1668
2114	1669
1794	1670
8977	1671
9862	1672
5532	1673
1888	1674
6522	1675
7109	1676
4601	1677
7345	1678
4654	1679
4606	1680
3489	1681
9759	1682
5334	1683
9489	1684
3428	1685
9641	1686
4777	1687
5048	1688
3041	1689
4159	1690
9617	1691
8663	1692
3992	1693
3607	1694
4279	1695
1345	1696
191	1697
312	1698
8027	1699
2596	1700
1980	1701
6021	1702
7585	1703
390	1704
2696	1705
2584	1706
5446	1707
8180	1708
8158	1709
292	1710
2590	1711
3989	1712
4195	1713
5938	1714
3243	1715
2836	1716
56	1717
7905	1718
761	1719
6284	1720
1090	1721
7330	1722
3659	1723
4415	1724
5759	1725
161	1726
4745	1727
4408	1728
6262	1729
5028	1730
3635	1731
3525	1732
5449	1733
8778	1734
7692	1735
5810	1736
788	1737
8799	1738
4407	1739
1072	1740
8368	1741
6018	1742
1493	1743
1575	1744
2226	1745
9874	1746
2396	1747
6214	1748
166	1749
2785	1750
8630	1751
3545	1752
17	1753
5936	1754
7062	1755
4465	1756
9721	1757
9686	1758
5113	1759
7161	1760
4316	1761
4073	1762
1567	1763
2877	1764
3692	1765
4196	1766
7373	1767
8898	1768
5663	1769
2588	1770
4961	1771
348	1772
3003	1773
8856	1774
368	1775
4950	1776
3033	1777
276	1778
3513	1779
8682	1780
6239	1781
8090	1782
5285	1783
9242	1784
9441	1785
8497	1786
6738	1787
7000	1788
1286	1789
873	1790
2641	1791
3378	1792
3242	1793
3087	1794
3251	1795
8933	1796
782	1797
4235	1798
3088	1799
1008	1800
3919	1801
218	1802
833	1803
3799	1804
4660	1805
1589	1806
1051	1807
5155	1808
6364	1809
2926	1810
6889	1811
6093	1812
7150	1813
8946	1814
454	1815
7386	1816
7217	1817
5165	1818
9811	1819
6703	1820
7063	1821
8547	1822
2961	1823
3561	1824
6606	1825
1216	1826
7144	1827
5661	1828
6782	1829
2878	1830
9849	1831
8802	1832
508	1833
7542	1834
8016	1835
2217	1836
3192	1837
1074	1838
3923	1839
889	1840
7999	1841
4050	1842
7040	1843
9307	1844
1809	1845
7756	1846
8653	1847
8810	1848
9711	1849
1458	1850
2100	1851
4735	1852
4693	1853
8099	1854
5992	1855
4641	1856
8186	1857
3742	1858
3847	1859
9735	1860
7213	1861
1934	1862
9607	1863
8798	1864
2052	1865
1884	1866
2255	1867
7906	1868
5097	1869
9059	1870
6528	1871
9883	1872
5416	1873
1138	1874
3725	1875
7406	1876
806	1877
7145	1878
6965	1879
4814	1880
8657	1881
9395	1882
9594	1883
1602	1884
2635	1885
6074	1886
5770	1887
9132	1888
4052	1889
8326	1890
5911	1891
7085	1892
2044	1893
4991	1894
4269	1895
8861	1896
6897	1897
1870	1898
678	1899
4330	1900
9696	1901
6242	1902
6851	1903
6763	1904
3198	1905
2772	1906
9062	1907
1973	1908
11	1909
7249	1910
3491	1911
1941	1912
8488	1913
3880	1914
8853	1915
7054	1916
503	1917
3685	1918
8366	1919
5662	1920
4629	1921
8561	1922
824	1923
8848	1924
8995	1925
7565	1926
6516	1927
4286	1928
7511	1929
1066	1930
2602	1931
8742	1932
9051	1933
1571	1934
3453	1935
6998	1936
3132	1937
5507	1938
1845	1939
6298	1940
6771	1941
3780	1942
5816	1943
9657	1944
3311	1945
4432	1946
3807	1947
5159	1948
4509	1949
8391	1950
558	1951
1104	1952
6828	1953
139	1954
423	1955
1810	1956
8945	1957
3996	1958
2224	1959
5973	1960
830	1961
9201	1962
9516	1963
7632	1964
6097	1965
8398	1966
3845	1967
6	1968
1713	1969
375	1970
2425	1971
4254	1972
4099	1973
4216	1974
1654	1975
8274	1976
8273	1977
9137	1978
2245	1979
9877	1980
2209	1981
4508	1982
4798	1983
9179	1984
9914	1985
4385	1986
3432	1987
8307	1988
1064	1989
6901	1990
1135	1991
5352	1992
5796	1993
3972	1994
3299	1995
2093	1996
831	1997
2571	1998
2973	1999
2479	2000
5898	2001
4185	2002
9710	2003
1505	2004
2121	2005
4002	2006
4020	2007
4337	2008
3367	2009
533	2010
3410	2011
8402	2012
567	2013
9296	2014
4467	2015
2567	2016
9682	2017
2335	2018
5573	2019
6780	2020
6574	2021
6580	2022
1388	2023
2007	2024
9180	2025
5209	2026
1371	2027
3952	2028
2507	2029
8894	2030
3737	2031
2796	2032
1133	2033
3484	2034
2300	2035
8015	2036
6291	2037
9826	2038
1129	2039
4428	2040
2271	2041
3290	2042
4941	2043
9908	2044
7300	2045
3075	2046
6102	2047
2005	2048
2664	2049
1889	2050
799	2051
6286	2052
28	2053
3927	2054
4204	2055
178	2056
5119	2057
3264	2058
4288	2059
7110	2060
1060	2061
9500	2062
1612	2063
3579	2064
1128	2065
6372	2066
795	2067
6348	2068
7011	2069
4725	2070
1897	2071
3906	2072
8304	2073
7056	2074
8871	2075
222	2076
8846	2077
6615	2078
7916	2079
3597	2080
698	2081
2228	2082
1574	2083
4932	2084
197	2085
4462	2086
7126	2087
4292	2088
5608	2089
399	2090
6461	2091
2256	2092
1967	2093
143	2094
8538	2095
5730	2096
1874	2097
3843	2098
9219	2099
1256	2100
6108	2101
3975	2102
6670	2103
1494	2104
2498	2105
7573	2106
7904	2107
3796	2108
2549	2109
6487	2110
7878	2111
212	2112
6375	2113
548	2114
7782	2115
6926	2116
4448	2117
8500	2118
7509	2119
7413	2120
8654	2121
5946	2122
1686	2123
2931	2124
7496	2125
3899	2126
2512	2127
6568	2128
2860	2129
3636	2130
5244	2131
6455	2132
7839	2133
851	2134
7176	2135
6486	2136
3900	2137
9600	2138
8248	2139
879	2140
4720	2141
2922	2142
2771	2143
8437	2144
285	2145
7108	2146
6654	2147
6669	2148
2165	2149
572	2150
4710	2151
2264	2152
6300	2153
1188	2154
7952	2155
337	2156
1557	2157
8259	2158
2704	2159
4280	2160
624	2161
5021	2162
6746	2163
988	2164
6868	2165
939	2166
2167	2167
3024	2168
12	2169
4586	2170
4937	2171
8503	2172
4173	2173
564	2174
947	2175
4335	2176
9703	2177
4497	2178
9077	2179
8954	2180
7949	2181
9725	2182
207	2183
5378	2184
3106	2185
267	2186
69	2187
4875	2188
8537	2189
8767	2190
9563	2191
7151	2192
4839	2193
7198	2194
9650	2195
8541	2196
3384	2197
8119	2198
8011	2199
4985	2200
100	2201
6441	2202
4608	2203
9550	2204
6089	2205
2419	2206
2407	2207
8773	2208
2465	2209
3165	2210
5724	2211
7552	2212
7480	2213
6666	2214
4822	2215
591	2216
4042	2217
1858	2218
1898	2219
5609	2220
1228	2221
9693	2222
6578	2223
3801	2224
4758	2225
167	2226
2653	2227
665	2228
6466	2229
878	2230
2263	2231
9140	2232
2270	2233
4636	2234
9093	2235
1729	2236
9436	2237
3603	2238
3562	2239
8057	2240
53	2241
8012	2242
388	2243
838	2244
377	2245
6218	2246
4142	2247
7879	2248
6115	2249
4605	2250
5556	2251
6529	2252
3856	2253
9523	2254
7903	2255
9852	2256
977	2257
3461	2258
2550	2259
5421	2260
3912	2261
8609	2262
1770	2263
8875	2264
1791	2265
2897	2266
3022	2267
5658	2268
7534	2269
7734	2270
4633	2271
4791	2272
4454	2273
39	2274
2492	2275
4612	2276
5621	2277
8873	2278
2119	2279
2307	2280
7801	2281
8354	2282
5183	2283
1539	2284
8982	2285
7416	2286
2798	2287
7368	2288
6361	2289
8602	2290
3377	2291
3069	2292
4244	2293
7858	2294
4075	2295
9185	2296
5240	2297
7963	2298
5610	2299
1670	2300
4274	2301
149	2302
4882	2303
8790	2304
9681	2305
2975	2306
8616	2307
9462	2308
8407	2309
306	2310
9919	2311
4175	2312
6910	2313
8987	2314
9097	2315
7066	2316
9000	2317
8081	2318
973	2319
4119	2320
201	2321
9888	2322
3878	2323
9018	2324
9288	2325
7693	2326
2896	2327
6467	2328
7640	2329
9531	2330
7910	2331
3224	2332
9872	2333
2137	2334
8558	2335
4371	2336
6371	2337
6333	2338
5381	2339
9365	2340
3642	2341
5055	2342
7036	2343
5436	2344
4469	2345
4940	2346
1993	2347
1914	2348
3985	2349
3994	2350
5438	2351
4955	2352
8864	2353
6292	2354
7206	2355
9203	2356
1420	2357
3205	2358
4868	2359
7343	2360
1946	2361
3495	2362
9504	2363
8088	2364
5462	2365
8793	2366
3220	2367
6002	2368
7455	2369
522	2370
2531	2371
5350	2372
2311	2373
1970	2374
1190	2375
2700	2376
4867	2377
182	2378
8498	2379
1971	2380
7940	2381
8117	2382
4799	2383
5023	2384
6776	2385
8834	2386
749	2387
7672	2388
7037	2389
357	2390
7891	2391
1977	2392
5422	2393
1172	2394
4237	2395
2077	2396
7633	2397
9437	2398
6416	2399
864	2400
8083	2401
5134	2402
3338	2403
2552	2404
9743	2405
6349	2406
7281	2407
871	2408
5272	2409
1915	2410
9502	2411
7689	2412
39	2413
5192	2414
2115	2415
251	2416
3179	2417
2272	2418
44	2419
3174	2420
3049	2421
6425	2422
6205	2423
156	2424
5366	2425
4353	2426
3340	2427
7204	2428
1470	2429
8685	2430
710	2431
6732	2432
3090	2433
2849	2434
5746	2435
5502	2436
8765	2437
9284	2438
5371	2439
1669	2440
4743	2441
4178	2442
6925	2443
2578	2444
7208	2445
4782	2446
4820	2447
9897	2448
1778	2449
5365	2450
8828	2451
6733	2452
1269	2453
3433	2454
619	2455
1048	2456
4250	2457
3961	2458
6643	2459
7695	2460
227	2461
4138	2462
7954	2463
1766	2464
6112	2465
247	2466
5466	2467
9396	2468
7490	2469
3930	2470
8478	2471
2116	2472
2556	2473
5330	2474
4304	2475
3511	2476
148	2477
1065	2478
5095	2479
2756	2480
8967	2481
8969	2482
9340	2483
9629	2484
1267	2485
5	2486
5071	2487
2364	2488
1155	2489
6775	2490
7544	2491
6678	2492
6032	2493
539	2494
215	2495
1239	2496
2261	2497
7942	2498
6710	2499
1283	2500
3891	2501
605	2502
5555	2503
6275	2504
2774	2505
3933	2506
3455	2507
6739	2508
5246	2509
2570	2510
6783	2511
534	2512
9529	2513
8528	2514
7554	2515
2370	2516
4712	2517
7512	2518
500	2519
2313	2520
4994	2521
7365	2522
993	2523
3091	2524
8242	2525
4067	2526
2829	2527
3625	2528
3424	2529
7590	2530
638	2531
2740	2532
358	2533
6489	2534
8123	2535
1322	2536
8175	2537
8173	2538
9632	2539
334	2540
5753	2541
1366	2542
706	2543
3007	2544
868	2545
9039	2546
2132	2547
3572	2548
8740	2549
7022	2550
4977	2551
7998	2552
9237	2553
8137	2554
2393	2555
7053	2556
4047	2557
1765	2558
1054	2559
9174	2560
836	2561
4589	2562
1145	2563
886	2564
3439	2565
4784	2566
6551	2567
4904	2568
1250	2569
6569	2570
5080	2571
5855	2572
4843	2573
5467	2574
8525	2575
5410	2576
7294	2577
895	2578
7720	2579
5065	2580
6903	2581
4379	2582
7288	2583
6896	2584
3646	2585
6398	2586
8275	2587
3065	2588
7719	2589
7513	2590
6497	2591
6443	2592
2024	2593
3089	2594
3094	2595
5868	2596
47	2597
4232	2598
1644	2599
1802	2600
1380	2601
7105	2602
590	2603
3566	2604
5885	2605
3787	2606
1023	2607
6548	2608
7243	2609
1212	2610
9588	2611
9758	2612
3443	2613
7262	2614
9481	2615
8115	2616
5187	2617
4651	2618
7908	2619
7886	2620
847	2621
9110	2622
1353	2623
7792	2624
136	2625
9176	2626
4896	2627
7962	2628
2363	2629
6506	2630
8431	2631
8475	2632
3151	2633
1507	2634
7531	2635
4662	2636
1325	2637
3222	2638
2575	2639
7504	2640
9149	2641
34	2642
4984	2643
2990	2644
9256	2645
3605	2646
6906	2647
5373	2648
1279	2649
3831	2650
1068	2651
8546	2652
5483	2653
4680	2654
3695	2655
8872	2656
8395	2657
4220	2658
4915	2659
1191	2660
5031	2661
2638	2662
2032	2663
9745	2664
667	2665
2485	2666
5294	2667
1502	2668
9401	2669
2818	2670
2908	2671
2009	2672
9411	2673
1813	2674
1182	2675
7390	2676
2192	2677
8112	2678
2447	2679
5225	2680
8505	2681
3697	2682
7701	2683
1413	2684
6399	2685
8544	2686
3633	2687
6566	2688
1615	2689
2155	2690
2573	2691
5412	2692
1435	2693
7780	2694
4374	2695
3328	2696
757	2697
6877	2698
158	2699
7236	2700
4581	2701
2384	2702
205	2703
6624	2704
6969	2705
566	2706
6518	2707
4271	2708
9134	2709
5677	2710
6139	2711
401	2712
1696	2713
4065	2714
7002	2715
4942	2716
119	2717
7900	2718
5408	2719
9026	2720
6437	2721
6017	2722
9024	2723
7549	2724
326	2725
43	2726
7945	2727
5111	2728
979	2729
4257	2730
4200	2731
8545	2732
2109	2733
5082	2734
2183	2735
8492	2736
9269	2737
7115	2738
256	2739
5809	2740
9243	2741
9486	2742
7597	2743
3862	2744
6588	2745
530	2746
1738	2747
2475	2748
7730	2749
9385	2750
4479	2751
6099	2752
9450	2753
3783	2754
4193	2755
9571	2756
8855	2757
5470	2758
7344	2759
9525	2760
235	2761
5321	2762
2987	2763
1416	2764
1417	2765
5074	2766
9473	2767
928	2768
907	2769
2683	2770
7866	2771
8249	2772
1519	2773
6424	2774
3001	2775
9508	2776
647	2777
4333	2778
4062	2779
7501	2780
5486	2781
2286	2782
1360	2783
3440	2784
1559	2785
3372	2786
702	2787
691	2788
6995	2789
7456	2790
6114	2791
9175	2792
6410	2793
4358	2794
5016	2795
9371	2796
763	2797
3571	2798
9647	2799
9670	2800
1975	2801
7007	2802
5079	2803
5283	2804
8320	2805
7939	2806
91	2807
4765	2808
6864	2809
7482	2810
5493	2811
2791	2812
2145	2813
6179	2814
945	2815
1588	2816
6	2817
8347	2818
7920	2819
8065	2820
8234	2821
570	2822
1938	2823
924	2824
686	2825
5045	2826
8337	2827
8756	2828
1937	2829
9273	2830
9530	2831
3287	2832
9664	2833
1954	2834
4375	2835
8506	2836
9618	2837
4211	2838
403	2839
643	2840
7403	2841
6754	2842
2562	2843
9212	2844
6122	2845
5229	2846
1262	2847
7654	2848
7665	2849
5763	2850
6082	2851
7231	2852
210	2853
6164	2854
2776	2855
1253	2856
5728	2857
5212	2858
5043	2859
7648	2860
1289	2861
7698	2862
7556	2863
7586	2864
3596	2865
4786	2866
2812	2867
4010	2868
5198	2869
9011	2870
2680	2871
5716	2872
5281	2873
129	2874
7261	2875
7418	2876
4580	2877
853	2878
8907	2879
4326	2880
5777	2881
9364	2882
9400	2883
3427	2884
6601	2885
637	2886
4889	2887
5667	2888
3486	2889
7423	2890
4989	2891
9619	2892
321	2893
971	2894
35	2895
4503	2896
8245	2897
1265	2898
3640	2899
2387	2900
3358	2901
4365	2902
4349	2903
6932	2904
3704	2905
6185	2906
433	2907
4669	2908
8904	2909
8233	2910
884	2911
9907	2912
2651	2913
3738	2914
6533	2915
7884	2916
7922	2917
9241	2918
964	2919
3353	2920
8971	2921
3	2922
6726	2923
31	2924
7196	2925
8698	2926
2047	2927
5059	2928
4749	2929
6107	2930
8257	2931
2686	2932
9539	2933
8878	2934
2443	2935
8722	2936
9270	2937
1817	2938
2688	2939
3142	2940
7618	2941
9448	2942
5152	2943
9103	2944
5511	2945
6335	2946
5991	2947
962	2948
5953	2949
9105	2950
4610	2951
7157	2952
8340	2953
7031	2954
3870	2955
3185	2956
1989	2957
1542	2958
3197	2959
9312	2960
103	2961
8380	2962
5018	2963
9414	2964
2259	2965
8200	2966
9222	2967
3549	2968
5032	2969
6623	2970
7697	2971
3623	2972
5322	2973
9250	2974
2759	2975
880	2976
65	2977
3313	2978
3441	2979
16	2980
398	2981
6367	2982
2624	2983
5188	2984
3538	2985
4534	2986
9060	2987
6535	2988
3126	2989
1429	2990
8250	2991
5301	2992
9695	2993
9374	2994
8939	2995
8	2996
9583	2997
9421	2998
2534	2999
329	3000
6844	3001
4297	3002
8071	3003
4043	3004
5052	3005
2015	3006
6674	3007
3293	3008
3105	3009
2848	3010
7310	3011
7626	3012
3210	3013
7769	3014
4336	3015
8835	3016
5735	3017
9310	3018
7946	3019
4357	3020
125	3021
9377	3022
5162	3023
48	3024
5891	3025
7332	3026
7861	3027
1422	3028
658	3029
8346	3030
3616	3031
8622	3032
2451	3033
7902	3034
9771	3035
2357	3036
2665	3037
2580	3038
3657	3039
347	3040
2298	3041
5522	3042
7744	3043
9646	3044
110	3045
2991	3046
2755	3047
807	3048
8640	3049
9370	3050
499	3051
2850	3052
2934	3053
3262	3054
8906	3055
3435	3056
3958	3057
4543	3058
4598	3059
2010	3060
7117	3061
2016	3062
9278	3063
414	3064
6378	3065
4460	3066
4885	3067
49	3068
8552	3069
6065	3070
786	3071
4404	3072
3971	3073
9503	3074
486	3075
4471	3076
5345	3077
4515	3078
8668	3079
2561	3080
5812	3081
4425	3082
5803	3083
416	3084
4069	3085
1803	3086
1805	3087
6668	3088
6675	3089
4577	3090
8914	3091
8426	3092
7557	3093
9764	3094
323	3095
1930	3096
6701	3097
9114	3098
8254	3099
6305	3100
4861	3101
7941	3102
5531	3103
5524	3104
7084	3105
4103	3106
2690	3107
4399	3108
2266	3109
1211	3110
2927	3111
439	3112
1688	3113
5939	3114
1108	3115
8394	3116
3136	3117
9142	3118
8639	3119
8961	3120
9389	3121
5607	3122
3238	3123
3684	3124
7033	3125
7907	3126
1462	3127
1428	3128
3199	3129
1164	3130
6187	3131
7	3132
2697	3133
8902	3134
9099	3135
2079	3136
3613	3137
7476	3138
4692	3139
3411	3140
7290	3141
4728	3142
108	3143
3364	3144
7296	3145
6599	3146
5665	3147
1014	3148
2963	3149
8636	3150
4898	3151
3518	3152
3802	3153
810	3154
4430	3155
811	3156
4714	3157
8851	3158
8345	3159
747	3160
3178	3161
3949	3162
107	3163
7233	3164
2866	3165
8621	3166
8858	3167
5505	3168
1373	3169
4488	3170
1648	3171
7996	3172
7984	3173
8574	3174
3450	3175
2682	3176
3587	3177
7462	3178
3618	3179
1114	3180
3610	3181
8824	3182
6786	3183
3319	3184
3864	3185
5832	3186
7445	3187
6151	3188
959	3189
8600	3190
216	3191
2691	3192
3143	3193
6600	3194
268	3195
2752	3196
4106	3197
5487	3198
7200	3199
4902	3200
6313	3201
3707	3202
724	3203
3621	3204
6937	3205
7429	3206
4049	3207
8006	3208
8139	3209
27	3210
9065	3211
9091	3212
3604	3213
300	3214
1125	3215
728	3216
3281	3217
908	3218
6213	3219
7004	3220
2021	3221
392	3222
391	3223
701	3224
1457	3225
2413	3226
1119	3227
1806	3228
4849	3229
2207	3230
9479	3231
438	3232
9460	3233
2723	3234
6508	3235
3823	3236
3008	3237
5966	3238
5081	3239
1961	3240
6553	3241
4562	3242
376	3243
1716	3244
6079	3245
840	3246
2338	3247
7508	3248
688	3249
586	3250
9536	3251
4593	3252
5681	3253
1082	3254
4411	3255
6966	3256
2234	3257
4390	3258
3535	3259
9210	3260
44	3261
9416	3262
2887	3263
6640	3264
6355	3265
8860	3266
6970	3267
9321	3268
7562	3269
3350	3270
2822	3271
9797	3272
7711	3273
8850	3274
8473	3275
94	3276
758	3277
6886	3278
2073	3279
7814	3280
1922	3281
6904	3282
6503	3283
7630	3284
9459	3285
1695	3286
8612	3287
6402	3288
7806	3289
3342	3290
8890	3291
8757	3292
5073	3293
6309	3294
5180	3295
4403	3296
6616	3297
4718	3298
3396	3299
3418	3300
6591	3301
4177	3302
510	3303
6684	3304
2999	3305
6909	3306
6412	3307
5227	3308
1965	3309
9837	3310
4621	3311
8247	3312
1784	3313
9349	3314
5319	3315
7254	3316
9843	3317
5548	3318
5444	3319
1786	3320
6311	3321
3103	3322
4679	3323
1230	3324
1184	3325
1991	3326
5999	3327
4419	3328
5625	3329
7537	3330
9438	3331
4101	3332
7546	3333
5329	3334
26	3335
6947	3336
8355	3337
1950	3338
2910	3339
2125	3340
9229	3341
3576	3342
8703	3343
5872	3344
8085	3345
9577	3346
1990	3347
3102	3348
4389	3349
7167	3350
64	3351
2780	3352
1611	3353
8791	3354
9390	3355
5297	3356
9004	3357
2302	3358
1018	3359
7932	3360
5295	3361
7393	3362
8759	3363
5368	3364
7526	3365
9231	3366
2404	3367
8228	3368
7497	3369
220	3370
6294	3371
9107	3372
2269	3373
8116	3374
6741	3375
8392	3376
6968	3377
7017	3378
4623	3379
5565	3380
6841	3381
496	3382
6991	3383
5075	3384
2895	3385
4664	3386
1978	3387
5473	3388
1477	3389
6869	3390
6598	3391
9718	3392
1430	3393
8526	3394
3840	3395
682	3396
9457	3397
3115	3398
154	3399
1552	3400
6985	3401
2051	3402
5419	3403
9652	3404
2627	3405
3315	3406
9350	3407
3589	3408
4222	3409
9118	3410
266	3411
955	3412
7298	3413
420	3414
3113	3415
8783	3416
1323	3417
4319	3418
1073	3419
3758	3420
3078	3421
9195	3422
6990	3423
3499	3424
8676	3425
5464	3426
1313	3427
1223	3428
364	3429
7889	3430
2804	3431
8309	3432
2781	3433
8421	3434
6597	3435
8278	3436
1376	3437
3673	3438
1480	3439
6252	3440
2505	3441
8749	3442
8145	3443
9085	3444
1099	3445
1101	3446
9199	3447
4836	3448
3249	3449
4835	3450
7050	3451
970	3452
424	3453
6692	3454
1891	3455
6176	3456
9789	3457
748	3458
3327	3459
1489	3460
5050	3461
4762	3462
6496	3463
3639	3464
9211	3465
2491	3466
8364	3467
6883	3468
2345	3469
4703	3470
670	3471
6394	3472
8383	3473
6480	3474
9475	3475
3471	3476
4294	3477
4213	3478
3376	3479
1387	3480
1476	3481
7415	3482
987	3483
2948	3484
1923	3485
7224	3486
8434	3487
7527	3488
5856	3489
848	3490
8037	3491
9345	3492
3452	3493
3942	3494
5628	3495
3195	3496
8586	3497
5930	3498
5455	3499
3236	3500
3413	3501
214	3502
2412	3503
6440	3504
8051	3505
73	3506
5538	3507
9917	3508
5077	3509
2904	3510
4907	3511
9598	3512
4959	3513
5671	3514
4429	3515
7201	3516
8474	3517
8000	3518
3169	3519
7737	3520
7913	3521
6681	3522
7130	3523
7143	3524
8700	3525
7291	3526
9662	3527
7663	3528
4548	3529
3123	3530
472	3531
490	3532
5276	3533
9717	3534
2238	3535
3013	3536
3682	3537
1100	3538
7141	3539
8289	3540
4655	3541
2025	3542
9796	3543
4619	3544
8207	3545
4083	3546
4364	3547
449	3548
6682	3549
3789	3550
7287	3551
6976	3552
6538	3553
7688	3554
777	3555
756	3556
1566	3557
4965	3558
3980	3559
6756	3560
3728	3561
2354	3562
3820	3563
9868	3564
4223	3565
5971	3566
4697	3567
5337	3568
4823	3569
1152	3570
1402	3571
4947	3572
1291	3573
8550	3574
918	3575
2202	3576
3239	3577
2279	3578
98	3579
3387	3580
4730	3581
9716	3582
8712	3583
4256	3584
5234	3585
8080	3586
9166	3587
4768	3588
1691	3589
5427	3590
6297	3591
7843	3592
7746	3593
5886	3594
2500	3595
8557	3596
45	3597
8001	3598
5349	3599
7248	3600
2074	3601
1263	3602
3458	3603
9184	3604
4566	3605
507	3606
9223	3607
8554	3608
1672	3609
8048	3610
8349	3611
762	3612
57	3613
4409	3614
6645	3615
8367	3616
7192	3617
7453	3618
1534	3619
6892	3620
3987	3621
8111	3622
2250	3623
865	3624
5498	3625
5100	3626
344	3627
7717	3628
8252	3629
1503	3630
837	3631
7673	3632
4314	3633
8388	3634
3771	3635
8830	3636
6731	3637
7431	3638
2120	3639
5785	3640
9419	3641
6992	3642
6791	3643
8529	3644
2394	3645
4613	3646
5617	3647
1744	3648
6790	3649
2179	3650
7718	3651
3023	3652
1735	3653
5892	3654
7339	3655
1498	3656
3896	3657
9855	3658
1298	3659
2814	3660
9189	3661
8342	3662
8843	3663
4489	3664
7743	3665
9722	3666
6059	3667
9318	3668
5116	3669
4541	3670
9135	3671
3108	3672
9915	3673
1508	3674
3953	3675
3217	3676
1788	3677
9366	3678
9393	3679
2466	3680
3268	3681
8074	3682
3370	3683
1658	3684
9127	3685
9311	3686
8017	3687
6658	3688
289	3689
5861	3690
4638	3691
3188	3692
4023	3693
3995	3694
8560	3695
8296	3696
1177	3697
2842	3698
8729	3699
1531	3700
7892	3701
9537	3702
2587	3703
4077	3704
5786	3705
8656	3706
7700	3707
627	3708
9300	3709
5102	3710
2418	3711
1804	3712
3402	3713
2332	3714
6368	3715
3068	3716
5282	3717
705	3718
5064	3719
3011	3720
5002	3721
8334	3722
3034	3723
5241	3724
8227	3725
1415	3726
1684	3727
3552	3728
4988	3729
1075	3730
2282	3731
4754	3732
9815	3733
5426	3734
2065	3735
4476	3736
9613	3737
2642	3738
6736	3739
527	3740
9856	3741
3520	3742
8135	3743
8225	3744
1582	3745
1179	3746
3344	3747
7657	3748
6175	3749
6583	3750
4477	3751
5651	3752
5344	3753
2170	3754
949	3755
6204	3756
9624	3757
5641	3758
9257	3759
5657	3760
233	3761
9226	3762
4354	3763
6471	3764
3668	3765
2378	3766
1025	3767
238	3768
6495	3769
9228	3770
3931	3771
8542	3772
9603	3773
3	3774
3761	3775
3121	3776
6	3777
3117	3778
7755	3779
4272	3780
7510	3781
7158	3782
7097	3783
2758	3784
3609	3785
3000	3786
6267	3787
8372	3788
4440	3789
32	3790
9404	3791
2294	3792
3524	3793
6822	3794
2595	3795
8562	3796
8110	3797
8697	3798
7488	3799
3872	3800
6862	3801
4091	3802
5011	3803
1455	3804
5348	3805
9557	3806
892	3807
7095	3808
9704	3809
4773	3810
3462	3811
53	3812
3591	3813
6707	3814
2625	3815
2749	3816
5400	3817
1306	3818
7113	3819
6265	3820
1003	3821
5292	3822
455	3823
2557	3824
3414	3825
6631	3826
2178	3827
122	3828
8732	3829
7210	3830
1189	3831
4506	3832
4464	3833
2036	3834
893	3835
3678	3836
8087	3837
7676	3838
7256	3839
5616	3840
5547	3841
8451	3842
1081	3843
7387	3844
5390	3845
4063	3846
2640	3847
1921	3848
9699	3849
1308	3850
5773	3851
6531	3852
437	3853
5485	3854
3051	3855
6541	3856
894	3857
3641	3858
6514	3859
4563	3860
4483	3861
4149	3862
2351	3863
5918	3864
8764	3865
7845	3866
8745	3867
4076	3868
8310	3869
2536	3870
7350	3871
1004	3872
3182	3873
3099	3874
6070	3875
6229	3876
5358	3877
511	3878
8223	3879
8007	3880
1412	3881
8613	3882
8588	3883
4792	3884
7894	3885
913	3886
9794	3887
8283	3888
5057	3889
2767	3890
4810	3891
6806	3892
4167	3893
2874	3894
4231	3895
41	3896
3956	3897
5732	3898
9546	3899
6620	3900
6247	3901
1825	3902
3017	3903
5395	3904
6135	3905
2589	3906
5916	3907
8417	3908
7561	3909
4522	3910
7148	3911
8358	3912
4206	3913
9668	3914
3241	3915
3615	3916
5633	3917
7566	3918
8659	3919
712	3920
3510	3921
4356	3922
8469	3923
2928	3924
4132	3925
4094	3926
6957	3927
4742	3928
2994	3929
6564	3930
8993	3931
8190	3932
2855	3933
7407	3934
1071	3935
481	3936
1818	3937
82	3938
352	3939
4976	3940
2957	3941
3146	3942
2288	3943
5443	3944
7975	3945
3501	3946
5833	3947
8495	3948
4910	3949
2117	3950
203	3951
9540	3952
7414	3953
2153	3954
5101	3955
4838	3956
2794	3957
9465	3958
6634	3959
1	3960
9689	3961
2637	3962
7687	3963
5171	3964
5580	3965
2807	3966
9519	3967
4121	3968
2461	3969
8582	3970
8348	3971
202	3972
1943	3973
2660	3974
3858	3975
9623	3976
180	3977
6537	3978
6454	3979
7880	3980
3256	3981
7518	3982
813	3983
2519	3984
5221	3985
1142	3986
8774	3987
7383	3988
9272	3989
6872	3990
4617	3991
5576	3992
6046	3993
1933	3994
4923	3995
8240	3996
2803	3997
5968	3998
270	3999
9793	4000
7463	4001
6562	4002
42	4003
7944	4004
6453	4005
8651	4006
7827	4007
1418	4008
6555	4009
3833	4010
2817	4011
9141	4012
260	4013
7102	4014
9367	4015
280	4016
1421	4017
6413	4018
8645	4019
1599	4020
4007	4021
992	4022
6308	4023
9155	4024
8711	4025
4677	4026
7897	4027
1964	4028
1038	4029
9876	4030
4480	4031
1337	4032
9574	4033
4478	4034
2124	4035
4491	4036
5226	4037
2727	4038
2985	4039
5826	4040
4080	4041
6762	4042
923	4043
3731	4044
2456	4045
3675	4046
5129	4047
9254	4048
5397	4049
1982	4050
5318	4051
927	4052
8224	4053
5385	4054
2709	4055
4372	4056
9204	4057
4359	4058
1750	4059
2735	4060
2029	4061
8737	4062
4398	4063
63	4064
3500	4065
7575	4066
1833	4067
4894	4068
9260	4069
5258	4070
720	4071
4122	4072
819	4073
3842	4074
8466	4075
1102	4076
9785	4077
1348	4078
8965	4079
8170	4080
8686	4081
8974	4082
1241	4083
2375	4084
9182	4085
46	4086
6656	4087
4674	4088
4240	4089
2042	4090
3821	4091
2346	4092
5414	4093
4140	4094
8108	4095
3828	4096
8826	4097
7173	4098
2026	4099
2106	4100
2629	4101
2112	4102
1260	4103
9287	4104
4512	4105
5214	4106
9359	4107
8184	4108
5820	4109
2950	4110
6271	4111
3208	4112
8387	4113
975	4114
687	4115
2499	4116
5265	4117
14	4118
9262	4119
7450	4120
5184	4121
3716	4122
2923	4123
780	4124
618	4125
6493	4126
4750	4127
9643	4128
3617	4129
7588	4130
2707	4131
5115	4132
2031	4133
729	4134
8865	4135
3259	4136
8336	4137
9351	4138
6690	4139
5036	4140
5001	4141
4123	4142
8598	4143
9444	4144
4842	4145
8551	4146
2216	4147
2515	4148
8462	4149
6452	4150
4298	4151
5821	4152
3834	4153
4972	4154
589	4155
196	4156
2600	4157
1338	4158
1621	4159
5231	4160
4162	4161
4205	4162
8476	4163
2718	4164
2565	4165
5586	4166
943	4167
199	4168
2299	4169
8815	4170
8927	4171
1277	4172
5232	4173
3664	4174
9570	4175
9251	4176
8222	4177
7154	4178
6254	4179
1953	4180
467	4181
5056	4182
3925	4183
7168	4184
2004	4185
7334	4186
5430	4187
4678	4188
1361	4189
2435	4190
25	4191
1568	4192
5904	4193
2601	4194
3503	4195
7388	4196
5458	4197
5774	4198
6867	4199
5477	4200
1869	4201
2	4202
9593	4203
8446	4204
3533	4205
3446	4206
7089	4207
4585	4208
3782	4209
3232	4210
6490	4211
6699	4212
144	4213
5841	4214
1031	4215
4828	4216
610	4217
272	4218
20	4219
1089	4220
737	4221
2875	4222
477	4223
751	4224
3991	4225
4719	4226
1258	4227
356	4228
22	4229
855	4230
232	4231
450	4232
4767	4233
7752	4234
1214	4235
1715	4236
3308	4237
9805	4238
9159	4239
8458	4240
1819	4241
8549	4242
3893	4243
7867	4244
1497	4245
5351	4246
797	4247
8733	4248
9383	4249
1445	4250
5595	4251
5154	4252
8869	4253
2476	4254
5619	4255
6035	4256
2158	4257
9480	4258
175	4259
6087	4260
9072	4261
4289	4262
2921	4263
9259	4264
2737	4265
2658	4266
5629	4267
5525	4268
5571	4269
5944	4270
4306	4271
5979	4272
9306	4273
8972	4274
7127	4275
1763	4276
8893	4277
3667	4278
3976	4279
8650	4280
5161	4281
1761	4282
8543	4283
2854	4284
4775	4285
341	4286
7247	4287
1848	4288
4442	4289
3329	4290
8788	4291
3467	4292
5005	4293
173	4294
6408	4295
2251	4296
3076	4297
9809	4298
2308	4299
5215	4300
2645	4301
8217	4302
1896	4303
1097	4304
7140	4305
3275	4306
3781	4307
7449	4308
1679	4309
1481	4310
1647	4311
3296	4312
2098	4313
9477	4314
5546	4315
2708	4316
3155	4317
8082	4318
5959	4319
428	4320
6559	4321
6632	4322
6360	4323
4072	4324
6198	4325
6988	4326
6556	4327
4805	4328
3794	4329
8596	4330
9164	4331
752	4332
4064	4333
6870	4334
3362	4335
1231	4336
7887	4337
9488	4338
3265	4339
6913	4340
5393	4341
8100	4342
9267	4343
626	4344
5332	4345
911	4346
8707	4347
2070	4348
6866	4349
4233	4350
3307	4351
7662	4352
363	4353
9224	4354
1862	4355
9346	4356
1816	4357
695	4358
8563	4359
234	4360
5840	4361
4734	4362
8050	4363
8485	4364
5259	4365
9784	4366
7667	4367
9738	4368
1666	4369
5492	4370
4908	4371
9323	4372
8124	4373
1272	4374
2349	4375
3926	4376
4611	4377
6842	4378
9463	4379
8895	4380
3475	4381
960	4382
2789	4383
8730	4384
8950	4385
6798	4386
7723	4387
9737	4388
891	4389
3098	4390
6881	4391
7362	4392
1959	4393
1799	4394
7936	4395
921	4396
8716	4397
7754	4398
4687	4399
7185	4400
8384	4401
4968	4402
4667	4403
6374	4404
595	4405
3902	4406
869	4407
7765	4408
9663	4409
2436	4410
8677	4411
5468	4412
2678	4413
3898	4414
2480	4415
493	4416
4711	4417
8943	4418
4248	4419
9825	4420
6263	4421
1671	4422
7461	4423
2205	4424
7308	4425
5593	4426
8373	4427
3496	4428
4893	4429
796	4430
5376	4431
6042	4432
1522	4433
3135	4434
5596	4435
3488	4436
3939	4437
4533	4438
6159	4439
4510	4440
8805	4441
5923	4442
9236	4443
2426	4444
79	4445
181	4446
1732	4447
1731	4448
8299	4449
6246	4450
274	4451
6320	4452
6421	4453
4571	4454
3832	4455
5236	4456
2839	4457
5392	4458
3010	4459
5731	4460
7312	4461
9920	4462
1969	4463
6433	4464
9161	4465
163	4466
2689	4467
2034	4468
8477	4469
7153	4470
4780	4471
5880	4472
296	4473
3656	4474
5940	4475
5835	4476
696	4477
7748	4478
5066	4479
5211	4480
5535	4481
8739	4482
7384	4483
5199	4484
1027	4485
8812	4486
4652	4487
4741	4488
19	4489
1597	4490
3234	4491
2917	4492
3568	4493
4033	4494
4918	4495
4028	4496
7583	4497
4997	4498
5290	4499
219	4500
3187	4501
5824	4502
6908	4503
5789	4504
9903	4505
5932	4506
1601	4507
2802	4508
3415	4509
3514	4510
6743	4511
5375	4512
9678	4513
1690	4514
2863	4515
9205	4516
5435	4517
740	4518
3201	4519
4328	4520
4618	4521
1743	4522
9274	4523
5437	4524
8077	4525
2281	4526
8056	4527
6549	4528
61	4529
3343	4530
1335	4531
2462	4532
5069	4533
3114	4534
6915	4535
697	4536
9418	4537
1229	4538
4639	4539
7671	4540
5927	4541
7491	4542
545	4543
4417	4544
5085	4545
8814	4546
2956	4547
3134	4548
7836	4549
6542	4550
4637	4551
6803	4552
7180	4553
1248	4554
8152	4555
985	4556
6369	4557
367	4558
4295	4559
387	4560
8534	4561
5540	4562
3532	4563
4650	4564
7715	4565
984	4566
318	4567
9043	4568
623	4569
7419	4570
1024	4571
6117	4572
1992	4573
9302	4574
8800	4575
1468	4576
3476	4577
4278	4578
5331	4579
4979	4580
7469	4581
6919	4582
2020	4583
3286	4584
7629	4585
8483	4586
4544	4587
5854	4588
6898	4589
3527	4590
6460	4591
1607	4592
7125	4593
1303	4594
2352	4595
3289	4596
8776	4597
4482	4598
303	4599
9187	4600
2869	4601
8670	4602
2520	4603
616	4604
2784	4605
1160	4606
3213	4607
5804	4608
9712	4609
2471	4610
1370	4611
3536	4612
5800	4613
2055	4614
2395	4615
2383	4616
1516	4617
1466	4618
1701	4619
5572	4620
1739	4621
4054	4622
1594	4623
5694	4624
8095	4625
3997	4626
2748	4627
9576	4628
2105	4629
495	4630
3764	4631
7082	4632
2992	4633
8086	4634
6661	4635
6641	4636
3412	4637
8924	4638
9415	4639
4490	4640
7521	4641
7890	4642
600	4643
2715	4644
346	4645
3750	4646
4862	4647
7435	4648
6400	4649
4265	4650
4531	4651
8624	4652
822	4653
764	4654
3207	4655
4158	4656
7696	4657
8009	4658
9833	4659
4455	4660
2416	4661
683	4662
1617	4663
7152	4664
6725	4665
2521	4666
3254	4667
4433	4668
2472	4669
8021	4670
4863	4671
7655	4672
4412	4673
26	4674
7873	4675
3356	4676
1285	4677
8587	4678
9584	4679
1386	4680
1268	4681
2816	4682
1079	4683
225	4684
5567	4685
7740	4686
7770	4687
5255	4688
2871	4689
8785	4690
4500	4691
6536	4692
2069	4693
2362	4694
2267	4695
1404	4696
8045	4697
8926	4698
1389	4699
1203	4700
5277	4701
4392	4702
4459	4703
5685	4704
1907	4705
1183	4706
1523	4707
4438	4708
7364	4709
4731	4710
8559	4711
6858	4712
4315	4713
430	4714
330	4715
7600	4716
2268	4717
9501	4718
2242	4719
986	4720
8328	4721
1147	4722
3553	4723
948	4724
9021	4725
76	4726
2193	4727
2473	4728
8313	4729
8330	4730
5583	4731
3850	4732
3835	4733
3085	4734
2067	4735
8026	4736
4527	4737
2615	4738
2619	4739
6911	4740
9871	4741
2340	4742
6639	4743
9439	4744
9626	4745
6660	4746
4230	4747
5110	4748
4559	4749
19	4750
15	4751
6744	4752
6104	4753
9630	4754
1356	4755
4556	4756
9213	4757
4224	4758
8338	4759
3555	4760
9573	4761
4971	4762
5340	4763
4685	4764
1206	4765
9298	4766
162	4767
6958	4768
4978	4769
3314	4770
2526	4771
9391	4772
1999	4773
613	4774
4104	4775
5922	4776
5996	4777
5961	4778
1061	4779
4421	4780
383	4781
8010	4782
3046	4783
8524	4784
9494	4785
1174	4786
7136	4787
4570	4788
2336	4789
5339	4790
4995	4791
1675	4792
5317	4793
9055	4794
3118	4795
8092	4796
2698	4797
8862	4798
4553	4799
2610	4800
768	4801
2398	4802
5862	4803
6050	4804
7059	4805
5594	4806
159	4807
1681	4808
6899	4809
3408	4810
5122	4811
785	4812
900	4813
6629	4814
7635	4815
3331	4816
8280	4817
7405	4818
7487	4819
7856	4820
6465	4821
5889	4822
8002	4823
3212	4824
6711	4825
3392	4826
2094	4827
3837	4828
271	4829
4090	4830
9283	4831
2285	4832
7303	4833
1900	4834
2951	4835
4170	4836
7564	4837
1518	4838
33	4839
3277	4840
5353	4841
213	4842
6796	4843
7824	4844
3417	4845
9845	4846
2000	4847
2415	4848
6474	4849
1352	4850
1482	4851
2309	4852
2815	4853
59	4854
4360	4855
18	4856
18	4857
5995	4858
2741	4859
7434	4860
596	4861
7690	4862
7966	4863
6527	4864
2669	4865
8281	4866
5664	4867
735	4868
4473	4869
1040	4870
3567	4871
4596	4872
5469	4873
452	4874
4874	4875
5000	4876
7420	4877
9009	4878
3437	4879
2080	4880
4759	4881
2277	4882
9740	4883
6216	4884
6943	4885
6719	4886
6048	4887
1831	4888
3981	4889
1543	4890
2546	4891
6299	4892
6160	4893
876	4894
6270	4895
2113	4896
5051	4897
3547	4898
1049	4899
4716	4900
328	4901
9343	4902
4511	4903
718	4904
3882	4905
7669	4906
3630	4907
373	4908
8132	4909
2018	4910
8153	4911
3708	4912
7464	4913
2087	4914
2541	4915
194	4916
1479	4917
755	4918
2235	4919
719	4920
2450	4921
3974	4922
7068	4923
7775	4924
6072	4925
9835	4926
8929	4927
1070	4928
3754	4929
814	4930
6249	4931
111	4932
4936	4933
3892	4934
2372	4935
1773	4936
146	4937
3421	4938
6633	4939
290	4940
457	4941
8055	4942
7933	4943
981	4944
1170	4945
9637	4946
6243	4947
742	4948
7928	4949
5135	4950
7483	4951
4155	4952
1381	4953
9885	4954
4128	4955
6856	4956
2586	4957
1300	4958
4906	4959
7227	4960
3130	4961
4599	4962
6924	4963
6056	4964
1385	4965
9528	4966
5721	4967
2831	4968
369	4969
3727	4970
9913	4971
4954	4972
5873	4973
5602	4974
5811	4975
5882	4976
6063	4977
1	4978
2905	4979
8615	4980
5718	4981
9851	4982
50	4983
5834	4984
5570	4985
5713	4986
4887	4987
5549	4988
8807	4989
5707	4990
6161	4991
2935	4992
5581	4993
6241	4994
9828	4995
4928	4996
7264	4997
2937	4998
9707	4999
4384	5000
7337	5001
8852	5002
707	5003
6359	5004
5559	5005
7699	5006
5533	5007
5859	5008
4573	5009
4487	5010
6679	5011
2828	5012
4819	5013
8594	5014
3258	5015
3654	5016
5574	5017
127	5018
1015	5019
3774	5020
5903	5021
5173	5022
7279	5023
7535	5024
9638	5025
2278	5026
4847	5027
7664	5028
9585	5029
3253	5030
9339	5031
5269	5032
2043	5033
6705	5034
9801	5035
8470	5036
7470	5037
6332	5038
8276	5039
6846	5040
2916	5041
9280	5042
4957	5043
4536	5044
926	5045
2490	5046
1917	5047
5807	5048
1564	5049
5951	5050
1787	5051
8512	5052
2555	5053
3701	5054
9610	5055
1983	5056
1030	5057
3507	5058
1687	5059
6778	5060
5648	5061
6199	5062
4812	5063
2130	5064
8165	5065
415	5066
5954	5067
4877	5068
9844	5069
6069	5070
426	5071
2998	5072
8414	5073
4859	5074
7753	5075
2605	5076
4156	5077
6222	5078
6795	5079
7912	5080
5307	5081
5156	5082
5988	5083
5442	5084
5797	5085
8889	5086
6989	5087
9281	5088
6206	5089
7193	5090
2607	5091
9549	5092
4846	5093
5070	5094
8197	5095
7733	5096
3214	5097
1981	5098
8806	5099
4502	5100
5263	5101
4635	5102
2687	5103
6563	5104
5551	5105
2328	5106
1775	5107
4576	5108
773	5109
2903	5110
2146	5111
1736	5112
2053	5113
9891	5114
279	5115
6785	5116
5870	5117
2654	5118
6167	5119
1067	5120
8751	5121
6462	5122
6458	5123
8315	5124
2371	5125
2210	5126
5268	5127
6825	5128
1876	5129
5741	5130
7072	5131
8820	5132
4694	5133
9181	5134
7366	5135
4457	5136
9518	5137
1205	5138
4668	5139
4723	5140
7875	5141
5336	5142
5497	5143
1703	5144
8519	5145
5831	5146
9898	5147
304	5148
5935	5149
2188	5150
248	5151
6220	5152
7971	5153
8176	5154
9564	5155
157	5156
3463	5157
3644	5158
5204	5159
9295	5160
6708	5161
2057	5162
5049	5163
9661	5164
7828	5165
1704	5166
5394	5167
3563	5168
4551	5169
1762	5170
7978	5171
9658	5172
9338	5173
1343	5174
3965	5175
7617	5176
9083	5177
4557	5178
6595	5179
4517	5180
1661	5181
7164	5182
2072	5183
9252	5184
5702	5185
8318	5186
3133	5187
8553	5188
4301	5189
24	5190
2095	5191
4057	5192
2879	5193
4496	5194
7572	5195
9208	5196
5104	5197
9101	5198
9061	5199
4763	5200
4424	5201
2742	5202
5582	5203
5726	5204
646	5205
9498	5206
8580	5207
803	5208
2143	5209
4468	5210
4311	5211
1609	5212
2099	5213
526	5214
1339	5215
5620	5216
6414	5217
8689	5218
8930	5219
7039	5220
1318	5221
7096	5222
1087	5223
4683	5224
3506	5225
8089	5226
5993	5227
1501	5228
6614	5229
8662	5230
394	5231
9669	5232
5293	5233
6301	5234
7766	5235
2076	5236
9910	5237
5224	5238
9386	5239
2402	5240
861	5241
1062	5242
9017	5243
885	5244
3403	5245
342	5246
7174	5247
474	5248
4871	5249
1314	5250
7005	5251
5098	5252
5431	5253
413	5254
349	5255
9285	5256
5830	5257
5864	5258
3973	5259
3608	5260
8905	5261
1444	5262
4474	5263
6953	5264
1551	5265
2102	5266
8867	5267
8295	5268
6584	5269
7369	5270
7146	5271
9382	5272
2982	5273
9332	5274
8401	5275
9783	5276
6183	5277
9497	5278
7237	5279
3574	5280
6750	5281
4695	5282
1249	5283
7441	5284
224	5285
2356	5286
6339	5287
741	5288
9791	5289
2135	5290
7863	5291
7749	5292
3036	5293
9361	5294
7087	5295
4124	5296
8113	5297
2884	5298
529	5299
7751	5300
739	5301
4472	5302
55	5303
7355	5304
9413	5305
105	5306
575	5307
1649	5308
1111	5309
2162	5310
8797	5311
2966	5312
2940	5313
8953	5314
8932	5315
2439	5316
5814	5317
9388	5318
3181	5319
6190	5320
690	5321
8362	5322
3648	5323
5076	5324
9170	5325
1058	5326
7781	5327
9819	5328
7685	5329
9172	5330
2862	5331
8447	5332
9921	5333
4935	5334
4876	5335
1779	5336
7401	5337
8566	5338
6916	5339
2559	5340
4276	5341
5356	5342
6124	5343
3652	5344
2063	5345
6450	5346
4769	5347
7378	5348
7706	5349
4526	5350
3990	5351
5678	5352
4329	5353
3216	5354
8400	5355
4572	5356
1513	5357
4671	5358
6250	5359
1046	5360
8970	5361
666	5362
4157	5363
9128	5364
2509	5365
4165	5366
4860	5367
9655	5368
7147	5369
4713	5370
385	5371
6787	5372
767	5373
2123	5374
4387	5375
7896	5376
9829	5377
3448	5378
8620	5379
713	5380
6257	5381
1043	5382
3674	5383
5105	5384
7263	5385
1327	5386
9568	5387
1344	5388
7259	5389
3715	5390
2614	5391
5341	5392
5315	5393
4804	5394
1705	5395
1057	5396
2175	5397
5025	5398
8921	5399
7044	5400
1200	5401
1877	5402
4214	5403
9727	5404
2805	5405
7712	5406
593	5407
1652	5408
405	5409
3741	5410
66	5411
8292	5412
7129	5413
1630	5414
8440	5415
3190	5416
6511	5417
9798	5418
976	5419
1808	5420
4174	5421
917	5422
8565	5423
8205	5424
6845	5425
4	5426
3941	5427
7219	5428
7997	5429
1425	5430
929	5431
2478	5432
8182	5433
5736	5434
8564	5435
961	5436
6278	5437
1039	5438
487	5439
7811	5440
2924	5441
1625	5442
7316	5443
8282	5444
8595	5445
5249	5446
2876	5447
3526	5448
1737	5449
7238	5450
6385	5451
2310	5452
8509	5453
8960	5454
2539	5455
2028	5456
3676	5457
1273	5458
1836	5459
4642	5460
1329	5461
3666	5462
8922	5463
7812	5464
5128	5465
3345	5466
7047	5467
6928	5468
7612	5469
8931	5470
9659	5471
1368	5472
8502	5473
2754	5474
8633	5475
6895	5476
2	5477
6276	5478
1605	5479
1887	5480
8359	5481
2369	5482
6353	5483
4746	5484
1587	5485
1002	5486
6501	5487
6627	5488
9675	5489
6801	5490
6403	5491
2611	5492
4034	5493
1524	5494
7021	5495
5928	5496
9709	5497
5298	5498
6211	5499
9449	5500
816	5501
4118	5502
9614	5503
6095	5504
4826	5505
4818	5506
2648	5507
101	5508
8688	5509
305	5510
5636	5511
1636	5512
7297	5513
6264	5514
4493	5515
8063	5516
9817	5517
1246	5518
9808	5519
6430	5520
9145	5521
4591	5522
8679	5523
33	5524
3908	5525
1321	5526
47	5527
4270	5528
5948	5529
4821	5530
5306	5531
7784	5532
4029	5533
7995	5534
8937	5535
2230	5536
8490	5537
5589	5538
5108	5539
4592	5540
5033	5541
1393	5542
6363	5543
7989	5544
887	5545
2330	5546
4729	5547
6734	5548
8792	5549
8511	5550
6260	5551
9368	5552
1483	5553
8104	5554
6217	5555
6225	5556
109	5557
6475	5558
6228	5559
9918	5560
4569	5561
3324	5562
6051	5563
117	5564
3857	5565
5795	5566
4727	5567
6680	5568
1098	5569
5117	5570
5157	5571
3490	5572
7266	5573
547	5574
6230	5575
5459	5576
8094	5577
2820	5578
9899	5579
8107	5580
8704	5581
5772	5582
5981	5583
4287	5584
4737	5585
9639	5586
4264	5587
4228	5588
1549	5589
168	5590
4112	5591
5794	5592
2262	5593
2882	5594
1752	5595
4202	5596
1979	5597
2482	5598
9495	5599
9723	5600
221	5601
8019	5602
1471	5603
7885	5604
7246	5605
4130	5606
3291	5607
3044	5608
5798	5609
6831	5610
1109	5611
6389	5612
2365	5613
9271	5614
2111	5615
2695	5616
93	5617
5699	5618
5865	5619
9329	5620
4879	5621
8710	5622
3416	5623
5182	5624
5145	5625
9625	5626
6431	5627
856	5628
1161	5629
1118	5630
2495	5631
9608	5632
7064	5633
209	5634
4194	5635
6324	5636
6132	5637
8903	5638
7070	5639
3650	5640
5484	5641
5725	5642
3070	5643
7795	5644
946	5645
8513	5646
6768	5647
6383	5648
4945	5649
9535	5650
1105	5651
494	5652
9889	5653
1541	5654
8998	5655
365	5656
3723	5657
3498	5658
2169	5659
9120	5660
3628	5661
7052	5662
693	5663
7382	5664
4929	5665
2329	5666
4451	5667
8980	5668
6789	5669
2252	5670
8096	5671
1151	5672
8226	5673
4946	5674
8573	5675
1782	5676
9294	5677
9291	5678
269	5679
6274	5680
3913	5681
9739	5682
6884	5683
8136	5684
1841	5685
7722	5686
935	5687
3072	5688
5078	5689
8789	5690
8375	5691
9138	5692
2810	5693
8877	5694
6498	5695
492	5696
6248	5697
5040	5698
6142	5699
9854	5700
7012	5701
7325	5702
1251	5703
9057	5704
9044	5705
733	5706
4939	5707
7864	5708
3404	5709
5222	5710
8305	5711
6277	5712
4781	5713
2967	5714
8361	5715
4996	5716
5284	5717
1009	5718
2941	5719
121	5720
1077	5721
5642	5722
8655	5723
4201	5724
67	5725
1583	5726
8097	5727
6931	5728
9857	5729
7171	5730
54	5731
8297	5732
7280	5733
62	5734
3292	5735
1106	5736
8717	5737
2504	5738
8	5739
5714	5740
8606	5741
3791	5742
6611	5743
6193	5744
5706	5745
77	5746
8678	5747
34	5748
3240	5749
8032	5750
5957	5751
9445	5752
2381	5753
823	5754
5107	5755
654	5756
1878	5757
5451	5758
8196	5759
4168	5760
3080	5761
2215	5762
1952	5763
4982	5764
8018	5765
4362	5766
4458	5767
9238	5768
9839	5769
3529	5770
2147	5771
8140	5772
2894	5773
8779	5774
5387	5775
7767	5776
5978	5777
3233	5778
8004	5779
4699	5780
1001	5781
8672	5782
980	5783
5201	5784
9869	5785
2980	5786
1622	5787
842	5788
2214	5789
6662	5790
6191	5791
3578	5792
7741	5793
8311	5794
8403	5795
2379	5796
7747	5797
8189	5798
7840	5799
8816	5800
7832	5801
8194	5802
7484	5803
4530	5804
9601	5805
9559	5806
9691	5807
2199	5808
3869	5809
9779	5810
3960	5811
7114	5812
6303	5813
3016	5814
4321	5815
5676	5816
4700	5817
317	5818
4492	5819
9068	5820
3620	5821
2593	5822
7440	5823
602	5824
3922	5825
6759	5826
17	5827
4015	5828
3269	5829
4632	5830
5150	5831
3544	5832
3145	5833
1722	5834
3875	5835
8203	5836
778	5837
9640	5838
7674	5839
7732	5840
2959	5841
7342	5842
2840	5843
3043	5844
9561	5845
9706	5846
1326	5847
324	5848
8842	5849
9491	5850
278	5851
9778	5852
2986	5853
9620	5854
8220	5855
7579	5856
2583	5857
7375	5858
6685	5859
425	5860
9770	5861
8744	5862
3472	5863
5450	5864
7212	5865
9861	5866
3765	5867
9627	5868
3406	5869
829	5870
1029	5871
3867	5872
8920	5873
3325	5874
9747	5875
6028	5876
3346	5877
794	5878
7468	5879
9880	5880
860	5881
3760	5882
1096	5883
7943	5884
99	5885
1017	5886
3073	5887
7817	5888
9090	5889
8408	5890
5517	5891
4498	5892
954	5893
7616	5894
7809	5895
5709	5896
6258	5897
6259	5898
2168	5899
2303	5900
9355	5901
7367	5902
5383	5903
4724	5904
331	5905
3054	5906
8768	5907
5093	5908
2598	5909
7379	5910
9076	5911
8046	5912
1391	5913
3348	5914
9476	5915
3366	5916
3590	5917
322	5918
3153	5919
7268	5920
7265	5921
7267	5922
7207	5923
3740	5924
5635	5925
5897	5926
9080	5927
6224	5928
226	5929
5913	5930
2244	5931
862	5932
8141	5933
5823	5934
8218	5935
3736	5936
7684	5937
1987	5938
5132	5939
1378	5940
6922	5941
8397	5942
6596	5943
470	5944
4627	5945
2186	5946
9015	5947
3629	5948
7988	5949
123	5950
8487	5951
7276	5952
3824	5953
8923	5954
9700	5955
1134	5956
6509	5957
1781	5958
5126	5959
3445	5960
8556	5961
8269	5962
7447	5963
2347	5964
648	5965
6182	5966
4964	5967
9041	5968
3391	5969
250	5970
4466	5971
6575	5972
4145	5973
2212	5974
6986	5975
8741	5976
2110	5977
8035	5978
475	5979
7331	5980
5754	5981
8831	5982
7611	5983
2078	5984
7589	5985
9067	5986
7683	5987
8423	5988
8666	5989
4883	5990
5327	5991
36	5992
71	5993
6975	5994
7472	5995
407	5996
5210	5997
2149	5998
8265	5999
3830	6000
1829	6001
2734	6002
54	6003
4981	6004
9814	6005
8912	6006
523	6007
7278	6008
1083	6009
2643	6010
6477	6011
1419	6012
9375	6013
9058	6014
2062	6015
5324	6016
9012	6017
7516	6018
135	6019
1742	6020
5748	6021
22	6022
8693	6023
1717	6024
3706	6025
7771	6026
5727	6027
3918	6028
863	6029
3660	6030
8377	6031
852	6032
3409	6033
1221	6034
3109	6035
7619	6036
5949	6037
1207	6038
5518	6039
5545	6040
8601	6041
3405	6042
7228	6043
9279	6044
7848	6045
8371	6046
4435	6047
7569	6048
6334	6049
193	6050
1328	6051
6192	6052
1403	6053
7760	6054
520	6055
1406	6056
8204	6057
1126	6058
2159	6059
5739	6060
3349	6061
497	6062
498	6063
7735	6064
2497	6065
6219	6066
5990	6067
9378	6068
6813	6069
3769	6070
1394	6071
7914	6072
6546	6073
5217	6074
5158	6075
2909	6076
1667	6077
4367	6078
7947	6079
3647	6080
1146	6081
6388	6082
5690	6083
5512	6084
7721	6085
2662	6086
5357	6087
359	6088
2652	6089
402	6090
2821	6091
8261	6092
9551	6093
2064	6094
4198	6095
5175	6096
3542	6097
198	6098
1063	6099
6530	6100
389	6101
2630	6102
7077	6103
5440	6104
8379	6105
7804	6106
4529	6107
27	6108
2392	6109
9823	6110
7710	6111
4952	6112
8702	6113
4542	6114
4093	6115
9560	6116
5310	6117
2616	6118
8504	6119
5024	6120
3215	6121
5096	6122
7953	6123
8266	6124
4283	6125
4413	6126
656	6127
2906	6128
445	6129
176	6130
5998	6131
8327	6132
5752	6133
6689	6134
2265	6135
8769	6136
4373	6137
8592	6138
3032	6139
4092	6140
4628	6141
9671	6142
4327	6143
4150	6144
7930	6145
8619	6146
1340	6147
5296	6148
5323	6149
3573	6150
2222	6151
3271	6152
8507	6153
4990	6154
2551	6155
2038	6156
1795	6157
9356	6158
594	6159
7284	6160
7357	6161
641	6162
3853	6163
6676	6164
6608	6165
1492	6166
3622	6167
6673	6168
3048	6169
4645	6170
9104	6171
9126	6172
7815	6173
8608	6174
3722	6175
7013	6176
2326	6177
7035	6178
1297	6179
6554	6180
7299	6181
2548	6182
3227	6183
3279	6184
7444	6185
515	6186
4757	6187
1240	6188
2243	6189
4082	6190
4555	6191
1890	6192
2542	6193
7306	6194
7124	6195
4258	6196
9152	6197
78	6198
1280	6199
8393	6200
6779	6201
2527	6202
4706	6203
1815	6204
6982	6205
6550	6206
8149	6207
469	6208
8214	6209
3683	6210
5174	6211
9522	6212
1972	6213
7315	6214
7847	6215
7591	6216
8146	6217
7592	6218
6060	6219
6384	6220
6269	6221
2127	6222
3385	6223
5456	6224
9327	6225
7994	6226
8288	6227
6955	6228
606	6229
4643	6230
7194	6231
6724	6232
535	6233
5460	6234
1122	6235
8260	6236
7045	6237
2104	6238
7043	6239
4021	6240
2232	6241
8134	6242
372	6243
2314	6244
1720	6245
614	6246
4701	6247
6197	6248
6379	6249
3721	6250
3694	6251
8540	6252
6586	6253
4284	6254
9225	6255
1916	6256
3138	6257
5790	6258
5905	6259
5144	6260
8415	6261
5737	6262
1193	6263
3818	6264
5715	6265
8667	6266
4795	6267
9464	6268
679	6269
3447	6270
6557	6271
3690	6272
3969	6273
8103	6274
7214	6275
5148	6276
1316	6277
185	6278
3984	6279
9047	6280
8734	6281
5848	6282
5779	6283
8975	6284
8067	6285
4229	6286
3005	6287
8221	6288
4117	6289
291	6290
9562	6291
5428	6292
3999	6293
4507	6294
4109	6295
2470	6296
9322	6297
8343	6298
3493	6299
2783	6300
453	6301
8874	6302
2944	6303
9538	6304
5133	6305
7038	6306
5839	6307
1771	6308
3944	6309
2156	6310
6718	6311
40	6312
3028	6313
7915	6314
4520	6315
4344	6316
3398	6317
1334	6318
3218	6319
8098	6320
6809	6321
7001	6322
6621	6323
3593	6324
9769	6325
2597	6326
7613	6327
9732	6328
8957	6329
6393	6330
1439	6331
1208	6332
9611	6333
3689	6334
3420	6335
3775	6336
1710	6337
2460	6338
3998	6339
8122	6340
6165	6341
6171	6342
4969	6343
5887	6344
8675	6345
1209	6346
4141	6347
6613	6348
3039	6349
1931	6350
839	6351
5286	6352
7309	6353
7239	6354
2184	6355
239	6356
1689	6357
8157	6358
9697	6359
7911	6360
5612	6361
4453	6362
790	6363
485	6364
6058	6365
7159	6366
3407	6367
2933	6368
2853	6369
1932	6370
1181	6371
1585	6372
2907	6373
3557	6374
846	6375
2974	6376
1725	6377
3474	6378
1139	6379
3021	6380
9506	6381
4025	6382
4682	6383
2321	6384
4755	6385
3230	6386
6893	6387
5305	6388
9776	6389
8731	6390
4688	6391
1153	6392
4648	6393
3592	6394
1702	6395
4646	6396
8179	6397
1780	6398
8527	6399
4521	6400
9402	6401
5035	6402
8990	6403
4395	6404
8997	6405
877	6406
9001	6407
8324	6408
513	6409
1227	6410
2989	6411
1580	6412
2312	6413
2173	6414
5875	6415
5359	6416
6312	6417
6830	6418
1535	6419
5974	6420
5527	6421
6143	6422
9878	6423
7370	6424
1623	6425
3581	6426
3860	6427
7371	6428
299	6429
3709	6430
7271	6431
3895	6432
8202	6433
3297	6434
2164	6435
4268	6436
1698	6437
4747	6438
6342	6439
6994	6440
9895	6441
6653	6442
9412	6443
8721	6444
9006	6445
1707	6446
4135	6447
9038	6448
7430	6449
2295	6450
5220	6451
3042	6452
4600	6453
3711	6454
5311	6455
1865	6456
9129	6457
9527	6458
4470	6459
8042	6460
9774	6461
2787	6462
6485	6463
4736	6464
8746	6465
7624	6466
2276	6467
9082	6468
2945	6469
7123	6470
7808	6471
9276	6472
9812	6473
3663	6474
7329	6475
2713	6476
1093	6477
4249	6478
9122	6479
3712	6480
7380	6481
4152	6482
9315	6483
7729	6484
5696	6485
1357	6486
9702	6487
1121	6488
4538	6489
7142	6490
8728	6491
4182	6492
5141	6493
3280	6494
23	6495
6006	6496
4095	6497
9387	6498
6140	6499
738	6500
3031	6501
2083	6502
9512	6503
6023	6504
2644	6505
2453	6506
2972	6507
55	6508
7713	6509
6717	6510
9749	6511
8386	6512
7960	6513
1834	6514
3747	6515
1486	6516
4027	6517
1213	6518
6129	6519
3753	6520
5109	6521
4916	6522
307	6523
2679	6524
3724	6525
7363	6526
5274	6527
1957	6528
7348	6529
1651	6530
3550	6531
6418	6532
1310	6533
5289	6534
5068	6535
6934	6536
1663	6537
5386	6538
3786	6539
6422	6540
9556	6541
5688	6542
2486	6543
3726	6544
5758	6545
8105	6546
6900	6547
5275	6548
5877	6549
2386	6550
1908	6551
9592	6552
9468	6553
9303	6554
2553	6555
7638	6556
3788	6557
9604	6558
8023	6559
3859	6560
3762	6561
3703	6562
4134	6563
1088	6564
473	6565
3400	6566
2414	6567
2729	6568
2703	6569
2133	6570
2730	6571
1856	6572
9299	6573
8229	6574
6362	6575
8212	6576
1741	6577
8420	6578
557	6579
6469	6580
4884	6581
3120	6582
6512	6583
8262	6584
6515	6585
1538	6586
3626	6587
179	6588
1947	6589
2438	6590
4176	6591
6730	6592
9162	6593
4901	6594
7587	6595
4081	6596
4956	6597
2543	6598
2013	6599
8736	6600
8054	6601
7731	6602
2657	6603
1157	6604
4865	6605
9425	6606
6833	6607
4587	6608
4663	6609
7112	6610
9372	6611
7606	6612
8870	6613
4098	6614
1354	6615
7273	6616
812	6617
4361	6618
8786	6619
6940	6620
8241	6621
4634	6622
5717	6623
6839	6624
3766	6625
9744	6626
7964	6627
1036	6628
2487	6629
7659	6630
8427	6631
997	6632
8617	6633
7691	6634
465	6635
6116	6636
7245	6637
8942	6638
4675	6639
9086	6640
1195	6641
8251	6642
3012	6643
9804	6644
2902	6645
4659	6646
5588	6647
2952	6648
7643	6649
9335	6650
264	6651
8949	6652
9200	6653
7133	6654
2333	6655
9031	6656
5808	6657
6850	6658
3020	6659
7548	6660
1317	6661
7394	6662
5177	6663
1832	6664
2257	6665
6146	6666
3702	6667
3735	6668
7391	6669
1319	6670
2455	6671
9719	6672
4647	6673
2305	6674
8755	6675
6283	6676
1547	6677
6677	6678
909	6679
6609	6680
7323	6681
1926	6682
8599	6683
7079	6684
1359	6685
5818	6686
9362	6687
5860	6688
3273	6689
3368	6690
7742	6691
9249	6692
8866	6693
2433	6694
6603	6695
1693	6696
8333	6697
2701	6698
6026	6699
8911	6700
3465	6701
3719	6702
3337	6703
7396	6704
2122	6705
7376	6706
6426	6707
1774	6708
7257	6709
2516	6710
1199	6711
7728	6712
3050	6713
3653	6714
74	6715
2458	6716
6747	6717
3967	6718
8947	6719
8641	6720
1948	6721
9334	6722
4539	6723
7042	6724
6772	6725
9633	6726
2968	6727
7702	6728
8411	6729
1512	6730
6819	6731
5363	6732
2947	6733
7576	6734
8159	6735
8072	6736
2191	6737
9474	6738
2477	6739
9567	6740
482	6741
2066	6742
42	6743
6715	6744
7438	6745
5925	6746
7408	6747
3699	6748
8986	6749
3947	6750
83	6751
237	6752
3993	6753
217	6754
177	6755
9731	6756
1302	6757
5300	6758
1305	6759
1304	6760
553	6761
5026	6762
443	6763
38	6764
8041	6765
6316	6766
2058	6767
7443	6768
1080	6769
353	6770
1826	6771
6085	6772
6687	6773
1	6774
5197	6775
4878	6776
1590	6777
673	6778
5632	6779
2720	6780
5975	6781
6019	6782
427	6783
5405	6784
8267	6785
5500	6786
2649	6787
6127	6788
5388	6789
5668	6790
8632	6791
2694	6792
5278	6793
5888	6794
6723	6795
9864	6796
5513	6797
5910	6798
5599	6799
4911	6800
6133	6801
6227	6802
418	6803
5561	6804
5639	6805
5478	6806
6232	6807
5391	6808
5130	6809
5945	6810
2841	6811
6168	6812
5751	6813
5403	6814
2628	6815
3839	6816
5631	6817
294	6818
5591	6819
6166	6820
6207	6821
1294	6822
8517	6823
708	6824
1558	6825
850	6826
5965	6827
5361	6828
419	6829
4009	6830
5526	6831
5530	6832
4960	6833
8696	6834
4153	6835
4518	6836
674	6837
5836	6838
8572	6839
2918	6840
577	6841
114	6842
1875	6843
2050	6844
2090	6845
6323	6846
2545	6847
1243	6848
379	6849
6057	6850
6345	6851
4308	6852
5396	6853
6076	6854
5719	6855
5482	6856
7601	6857
7328	6858
3014	6859
8762	6860
3062	6861
1769	6862
1847	6863
9724	6864
5186	6865
8031	6866
9440	6867
4266	6868
5929	6869
4535	6870
4363	6871
657	6872
3879	6873
6638	6874
6047	6875
5994	6876
5196	6877
5744	6878
5984	6879
5967	6880
2843	6881
5637	6882
7103	6883
8128	6884
5760	6885
5896	6886
3002	6887
3067	6888
6031	6889
5711	6890
2881	6891
6223	6892
9859	6893
2176	6894
3009	6895
5762	6896
5362	6897
2857	6898
5997	6899
92	6900
6215	6901
5987	6902
2763	6903
7069	6904
6357	6905
8444	6906
9186	6907
6155	6908
2883	6909
5325	6910
2888	6911
5695	6912
6210	6913
5404	6914
6154	6915
6149	6916
6209	6917
6203	6918
5890	6919
9870	6920
6049	6921
4927	6922
6238	6923
6240	6924
6163	6925
8634	6926
5697	6927
6770	6928
5630	6929
5654	6930
4888	6931
9841	6932
5584	6933
5640	6934
5843	6935
6304	6936
5700	6937
7615	6938
5866	6939
5900	6940
5907	6941
6081	6942
7605	6943
5722	6944
8605	6945
5514	6946
6406	6947
6071	6948
5645	6949
4899	6950
5638	6951
5675	6952
4934	6953
5858	6954
5659	6955
9320	6956
3060	6957
8443	6958
2819	6959
5536	6960
5509	6961
6169	6962
5407	6963
6226	6964
6340	6965
5496	6966
6157	6967
6773	6968
5597	6969
6327	6970
8660	6971
4920	6972
5389	6973
5878	6974
5879	6975
5374	6976
5906	6977
2942	6978
5528	6979
2889	6980
5417	6981
6170	6982
2517	6983
4681	6984
7869	6985
6086	6986
5544	6987
8442	6988
5749	6989
5806	6990
4808	6991
3954	6992
8306	6993
8156	6994
9154	6995
8467	6996
9417	6997
6479	6998
5963	6999
9543	7000
6815	7001
4744	7002
70	7003
9247	7004
4684	7005
4346	7006
446	7007
754	7008
8255	7009
246	7010
5768	7011
556	7012
9651	7013
5740	7014
9847	7015
9398	7016
3497	7017
2424	7018
6188	7019
4913	7020
30	7021
6594	7022
7505	7023
9586	7024
9216	7025
3272	7026
3968	7027
5894	7028
8625	7029
7275	7030
9266	7031
6251	7032
612	7033
6255	7034
431	7035
1141	7036
8841	7037
9754	7038
7857	7039
2469	7040
4631	7041
1708	7042
6788	7043
7471	7044
1604	7045
9452	7046
351	7047
7094	7048
3966	7049
7081	7050
2706	7051
3481	7052
7307	7053
8230	7054
5649	7055
2011	7056
2722	7057
2181	7058
6272	7059
1994	7060
5364	7061
1165	7062
7725	7063
5614	7064
4085	7065
4917	7066
4831	7067
601	7068
4630	7069
7340	7070
6513	7071
3749	7072
6195	7073
8209	7074
9079	7075
716	7076
7029	7077
3425	7078
6777	7079
7868	7080
3772	7081
7460	7082
9767	7083
6797	7084
7822	7085
5933	7086
759	7087
1676	7088
4445	7089
2965	7090
938	7091
9357	7092
45	7093
7209	7094
43	7095
3634	7096
7177	7097
3797	7098
958	7099
3479	7100
4324	7101
1270	7102
2463	7103
35	7104
5605	7105
7250	7106
67	7107
6177	7108
5123	7109
6836	7110
5475	7111
3394	7112
1586	7113
102	7114
650	7115
7656	7116
4452	7117
5013	7118
8270	7119
9109	7120
223	7121
1196	7122
6003	7123
8410	7124
1266	7125
3829	7126
8445	7127
3693	7128
3778	7129
2566	7130
7235	7131
2962	7132
3339	7133
9830	7134
4922	7135
4139	7136
9353	7137
7119	7138
1656	7139
6742	7140
4038	7141
243	7142
355	7143
3935	7144
2872	7145
5041	7146
6330	7147
6236	7148
7006	7149
8754	7150
3225	7151
8430	7152
4016	7153
2148	7154
6370	7155
9581	7156
1995	7157
8419	7158
7637	7159
3148	7160
5986	7161
7821	7162
2003	7163
164	7164
90	7165
4853	7166
8665	7167
2574	7168
540	7169
4345	7170
8164	7171
5901	7172
5962	7173
6445	7174
9666	7175
660	7176
3056	7177
2315	7178
6835	7179
6712	7180
2103	7181
451	7182
6288	7183
3180	7184
9020	7185
211	7186
9622	7187
4320	7188
6235	7189
5792	7190
8516	7191
5270	7192
2788	7193
3025	7194
6962	7195
3543	7196
7399	7197
9890	7198
3948	7199
2316	7200
5326	7201
3909	7202
8413	7203
3318	7204
2544	7205
6686	7206
1315	7207
6821	7208
2059	7209
2377	7210
8496	7211
3330	7212
7132	7213
9218	7214
8618	7215
3755	7216
3229	7217
8514	7218
1528	7219
4709	7220
1880	7221
3157	7222
8539	7223
1712	7224
1449	7225
5733	7226
9394	7227
1446	7228
7793	7229
2634	7230
2118	7231
8847	7232
2929	7233
3333	7234
2227	7235
4702	7236
9088	7237
171	7238
5989	7239
1372	7240
1405	7241
400	7242
7598	7243
2976	7244
6244	7245
3248	7246
7448	7247
50	7248
9112	7249
912	7250
9337	7251
8917	7252
8868	7253
1533	7254
3838	7255
3295	7256
7799	7257
3444	7258
8881	7259
4339	7260
4108	7261
7846	7262
8125	7263
5474	7264
7595	7265
8673	7266
6808	7267
2745	7268
3888	7269
37	7270
5562	7271
7872	7272
6652	7273
4925	7274
5218	7275
2431	7276
6980	7277
5439	7278
6189	7279
4312	7280
2743	7281
649	7282
4277	7283
5061	7284
5568	7285
6128	7286
4653	7287
3473	7288
2006	7289
4143	7290
5413	7291
8166	7292
906	7293
9838	7294
2437	7295
922	7296
4293	7297
1640	7298
7292	7299
3096	7300
3757	7301
2253	7302
8114	7303
3454	7304
3426	7305
2835	7306
3816	7307
2249	7308
4640	7309
3959	7310
7492	7311
3204	7312
142	7313
8714	7314
1375	7315
3359	7316
9816	7317
2786	7318
784	7319
5924	7320
9297	7321
7223	7322
1021	7323
85	7324
8692	7325
5738	7326
588	7327
9197	7328
9762	7329
7800	7330
4444	7331
9587	7332
6800	7333
311	7334
8432	7335
6784	7336
4120	7337
7602	7338
6664	7339
9230	7340
2420	7341
645	7342
9532	7343
3294	7344
8448	7345
8644	7346
972	7347
1936	7348
2320	7349
6285	7350
8129	7351
7993	7352
1333	7353
5673	7354
3480	7355
6854	7356
7608	7357
7540	7358
8351	7359
6382	7360
3577	7361
6644	7362
5425	7363
4560	7364
7807	7365
4958	7366
2248	7367
57	7368
3548	7369
4434	7370
8863	7371
1407	7372
8235	7373
3849	7374
3720	7375
915	7376
8966	7377
4055	7378
8857	7379
6266	7380
380	7381
5312	7382
3977	7383
779	7384
3599	7385
6016	7386
8648	7387
7051	7388
3186	7389
7899	7390
1912	7391
5942	7392
1659	7393
4116	7394
9003	7395
257	7396
1868	7397
7409	7398
2017	7399
5955	7400
963	7401
4690	7402
2389	7403
2746	7404
9098	7405
8172	7406
6138	7407
313	7408
6820	7409
2301	7410
6999	7411
412	7412
2813	7413
4824	7414
7427	7415
4088	7416
3336	7417
2196	7418
8025	7419
8772	7420
8047	7421
3982	7422
5206	7423
681	7424
6579	7425
7073	7426
1281	7427
4873	7428
1491	7429
1867	7430
3643	7431
2223	7432
832	7433
736	7434
6148	7435
7041	7436
9268	7437
1461	7438
968	7439
967	7440
255	7441
1974	7442
8193	7443
3795	7444
8303	7445
6005	7446
4218	7447
9397	7448
6131	7449
1721	7450
4110	7451
9081	7452
4943	7453
5360	7454
4111	7455
7842	7456
9344	7457
4449	7458
1550	7459
546	7460
6098	7461
1094	7462
126	7463
1460	7464
621	7465
2240	7466
6411	7467
4584	7468
9548	7469
4181	7470
2773	7471
1968	7472
5852	7473
2211	7474
9053	7475
7764	7476
5266	7477
910	7478
1176	7479
9761	7480
9169	7481
4938	7482
3819	7483
8837	7484
3390	7485
476	7486
4030	7487
2681	7488
4066	7489
8962	7490
5022	7491
7046	7492
4347	7493
8022	7494
4086	7495
8422	7496
5917	7497
9615	7498
3083	7499
6816	7500
9158	7501
8174	7502
5039	7503
1130	7504
6147	7505
5601	7506
5539	7507
6052	7508
7347	7509
4933	7510
9836	7511
8215	7512
8761	7513
6066	7514
5521	7515
9485	7516
1440	7517
5881	7518
969	7519
1178	7520
3916	7521
8626	7522
7813	7523
4115	7524
5316	7525
1673	7526
6030	7527
4975	7528
1274	7529
2459	7530
6894	7531
335	7532
4022	7533
384	7534
4787	7535
3638	7536
9453	7537
7968	7538
2711	7539
5488	7540
3393	7541
5776	7542
5680	7543
3095	7544
995	7545
4105	7546
288	7547
5842	7548
8418	7549
1685	7550
8049	7551
4905	7552
4420	7553
3881	7554
1411	7555
4844	7556
2161	7557
7313	7558
9886	7559
1653	7560
5247	7561
1600	7562
1944	7563
2342	7564
7791	7565
8522	7566
3162	7567
5014	7568
9305	7569
825	7570
5238	7571
9363	7572
2353	7573
5060	7574
4970	7575
8177	7576
2468	7577
7107	7578
9050	7579
7970	7580
362	7581
6525	7582
7536	7583
8416	7584
9056	7585
8555	7586
1724	7587
463	7588
9787	7589
189	7590
1187	7591
6663	7592
7524	7593
7458	7594
6847	7595
2912	7596
315	7597
3946	7598
8584	7599
1664	7600
7106	7601
7677	7602
7653	7603
2054	7604
9902	7605
1473	7606
6500	7607
998	7608
996	7609
6141	7610
7859	7611
5764	7612
5569	7613
8482	7614
8635	7615
3045	7616
6119	7617
2893	7618
9840	7619
4858	7620
381	7621
6358	7622
7500	7623
6499	7624
8433	7625
6628	7626
3176	7627
6000	7628
6055	7629
5643	7630
4614	7631
9087	7632
6396	7633
3825	7634
6818	7635
4689	7636
3530	7637
6014	7638
7976	7639
8829	7640
6576	7641
1728	7642
6419	7643
8013	7644
9565	7645
6918	7646
5914	7647
6561	7648
2134	7649
1255	7650
8818	7651
8253	7652
5029	7653
597	7654
2795	7655
8044	7656
9780	7657
7049	7658
6848	7659
3247	7660
8329	7661
7354	7662
468	7663
466	7664
1723	7665
5142	7666
3093	7667
7351	7668
4394	7669
6326	7670
3211	7671
4582	7672
8671	7673
7553	7674
429	7675
3282	7676
2824	7677
6704	7678
2046	7679
6464	7680
7286	7681
3826	7682
3305	7683
2274	7684
7439	7685
1116	7686
7215	7687
7422	7688
4245	7689
6491	7690
6961	7691
1662	7692
1682	7693
8365	7694
1620	7695
8405	7696
4540	7697
1355	7698
6792	7699
9911	7700
990	7701
6011	7702
5099	7703
841	7704
6092	7705
4953	7706
6571	7707
5603	7708
6321	7709
843	7710
6040	7711
651	7712
4040	7713
3092	7714
7400	7715
3482	7716
9275	7717
9509	7718
579	7719
4151	7720
6876	7721
9773	7722
8899	7723
8642	7724
4987	7725
7410	7726
2198	7727
4219	7728
4897	7729
4726	7730
3813	7731
5094	7732
7437	7733
5825	7734
7417	7735
9490	7736
228	7737
2914	7738
1047	7739
6150	7740
3332	7741
1384	7742
700	7743
7703	7744
6753	7745
9605	7746
1369	7747
4431	7748
9054	7749
3651	7750
1423	7751
3528	7752
9582	7753
2399	7754
1530	7755
7678	7756
9916	7757
9578	7758
7428	7759
6993	7760
2920	7761
8536	7762
2825	7763
5956	7764
1963	7765
1487	7766
671	7767
6752	7768
2532	7769
7093	7770
8058	7771
4239	7772
432	7773
8643	7774
3540	7775
1264	7776
3183	7777
3456	7778
9040	7779
7596	7780
8350	7781
5288	7782
6233	7783
4012	7784
7432	7785
8264	7786
9064	7787
8581	7788
2790	7789
2809	7790
8787	7791
8084	7792
9708	7793
3806	7794
4011	7795
7761	7796
3808	7797
3810	7798
3811	7799
3522	7800
8590	7801
9748	7802
7517	7803
4247	7804
1364	7805
9763	7806
7895	7807
1674	7808
3901	7809
3029	7810
7122	7811
9095	7812
2633	7813
138	7814
1342	7815
6442	7816
940	7817
942	7818
1201	7819
2108	7820
408	7821
242	7822
1496	7823
9036	7824
2806	7825
8143	7826
1956	7827
8823	7828
8341	7829
7909	7830
6105	7831
8454	7832
721	7833
3100	7834
2604	7835
4672	7836
2360	7837
628	7838
6280	7839
6444	7840
5587	7841
3688	7842
7837	7843
4855	7844
3884	7845
6502	7846
9139	7847
3598	7848
4172	7849
1581	7850
609	7851
6929	7852
9317	7853
5228	7854
5003	7855
8301	7856
2247	7857
608	7858
3154	7859
6804	7860
5118	7861
3438	7862
617	7863
4774	7864
5624	7865
9834	7866
1148	7867
9648	7868
7860	7869
9599	7870
7048	7871
6077	7872
6336	7873
7507	7874
188	7875
7116	7876
5401	7877
5867	7878
186	7879
4973	7880
3320	7881
3732	7882
3152	7883
7675	7884
6585	7885
2533	7886
4609	7887
1050	7888
1137	7889
165	7890
3662	7891
4779	7892
4788	7893
4930	7894
5931	7895
5720	7896
8024	7897
6642	7898
8321	7899
8610	7900
4830	7901
1668	7902
1591	7903
6245	7904
3836	7905
2800	7906
3854	7907
9772	7908
245	7909
7446	7910
5207	7911
6520	7912
3534	7913
5666	7914
7015	7915
7622	7916
7026	7917
170	7918
9331	7919
4184	7920
7853	7921
8029	7922
3560	7923
1113	7924
2290	7925
2296	7926
2919	7927
3284	7928
5604	7929
3177	7930
3380	7931
3127	7932
441	7933
1284	7934
6306	7935
1536	7936
5346	7937
1198	7938
1618	7939
4797	7940
2454	7941
7381	7942
2246	7943
8133	7944
4114	7945
1610	7946
890	7947
2892	7948
2163	7949
8687	7950
9458	7951
1459	7952
9524	7953
7032	7954
4396	7955
2200	7956
4658	7957
338	7958
2225	7959
1966	7960
4255	7961
2672	7962
9492	7963
1219	7964
8382	7965
514	7966
1997	7967
8593	7968
1606	7969
9157	7970
7163	7971
7162	7972
7705	7973
4707	7974
3705	7975
4552	7976
3649	7977
5499	7978
7202	7979
9680	7980
3053	7981
277	7982
8510	7983
30	7984
4751	7985
2084	7986
8752	7987
2180	7988
3040	7989
4966	7990
9803	7991
9782	7992
1194	7993
4217	7994
2576	7995
58	7996
8638	7997
8489	7998
8195	7999
4302	8000
7322	8001
8718	8002
1016	8003
29	8004
7283	8005
9589	8006
4164	8007
9290	8008
3554	8009
8637	8010
112	8011
7324	8012
8952	8013
2081	8014
5687	8015
1247	8016
5653	8017
14	8018
4967	8019
2867	8020
4166	8021
5660	8022
5729	8023
8578	8024
2289	8025
6964	8026
6054	8027
2747	8028
2861	8029
2782	8030
4031	8031
5504	8032
7187	8033
4756	8034
6757	8035
4909	8036
4919	8037
5899	8038
5837	8039
5656	8040
6483	8041
1144	8042
9100	8043
3612	8044
4921	8045
7222	8046
8294	8047
3575	8048
8472	8049
7982	8050
5279	8051
9879	8052
9443	8053
7392	8054
9399	8055
1883	8056
640	8057
8106	8058
1638	8059
9376	8060
2208	8061
7195	8062
7061	8063
1233	8064
6702	8065
2971	8066
3191	8067
5441	8068
7850	8069
3632	8070
1792	8071
9108	8072
3352	8073
8163	8074
4443	8075
7660	8076
7397	8077
2367	8078
7188	8079
9148	8080
6337	8081
8068	8082
1852	8083
800	8084
7055	8085
6158	8086
2373	8087
5802	8088
5972	8089
6004	8090
4127	8091
397	8092
8208	8093
5313	8094
5235	8095
9430	8096
9558	8097
3116	8098
8293	8099
2676	8100
195	8101
6923	8102
5495	8103
7918	8104
7794	8105
3570	8106
6774	8107
5007	8108
7467	8109
21	8110
1162	8111
2343	8112
3301	8113
7919	8114
9541	8115
8130	8116
1909	8117
5112	8118
6015	8119
8719	8120
6829	8121
5479	8122
3006	8123
7957	8124
8191	8125
7965	8126
8531	8127
8286	8128
1837	8129
6853	8130
4439	8131
406	8132
2502	8133
6134	8134
7578	8135
3466	8136
7426	8137
7253	8138
4856	8139
9434	8140
7027	8141
1859	8142
1998	8143
6045	8144
4811	8145
5813	8146
5553	8147
6963	8148
7844	8149
9005	8150
7139	8151
9163	8152
1451	8153
8062	8154
994	8155
9124	8156
5167	8157
7311	8158
9781	8159
9330	8160
6843	8161
9168	8162
5788	8163
9881	8164
9728	8165
6062	8166
1903	8167
6025	8168
1824	8169
4816	8170
128	8171
5008	8172
6090	8173
1635	8174
9125	8175
1257	8176
7661	8177
8819	8178
3748	8179
3785	8180
9904	8181
8322	8182
6625	8183
1226	8184
6849	8185
5131	8186
5251	8187
8631	8188
5672	8189
4334	8190
8994	8191
3257	8192
9736	8193
1382	8194
6261	8195
7568	8196
4437	8197
5778	8198
5380	8199
440	8200
2846	8201
7594	8202
366	8203
7986	8204
236	8205
9677	8206
1107	8207
6805	8208
9258	8209
6811	8210
4516	8211
2852	8212
2138	8213
5020	8214
732	8215
1643	8216
694	8217
7983	8218
9	8219
7599	8220
9896	8221
3582	8222
6891	8223
9912	8224
8066	8225
6581	8226
1545	8227
1860	8228
1747	8229
9848	8230
2027	8231
7816	8232
6470	8233
31	8234
4450	8235
1131	8236
8530	8237
5457	8238
7682	8239
9824	8240
1613	8241
9392	8242
8155	8243
2564	8244
6713	8245
6100	8246
4815	8247
4866	8248
4318	8249
5529	8250
5067	8251
1759	8252
9865	8253
6295	8254
7205	8255
1427	8256
3988	8257
3189	8258
5245	8259
7186	8260
3347	8261
568	8262
9454	8263
7100	8264
3746	8265
4574	8266
9116	8267
9621	8268
7574	8269
9070	8270
9326	8271
4514	8272
9866	8273
2494	8274
7979	8275
5338	8276
6605	8277
5303	8278
3515	8279
7570	8280
2753	8281
7666	8282
9034	8283
6865	8284
7457	8285
6343	8286
5273	8287
9286	8288
9612	8289
281	8290
4100	8291
4113	8292
2535	8293
1958	8294
8523	8295
4208	8296
8406	8297
5566	8298
4848	8299
3751	8300
3203	8301
4499	8302
5501	8303
2204	8304
9635	8305
8147	8306
8323	8307
2844	8308
4405	8309
6184	8310
1307	8311
2870	8312
1637	8313
6935	8314
60	8315
6570	8316
9123	8317
6592	8318
8308	8319
4180	8320
6212	8321
4545	8322
7023	8323
3276	8324
6612	8325
9901	8326
4035	8327
2606	8328
2739	8329
1718	8330
565	8331
4163	8332
1821	8333
8120	8334
8804	8335
3312	8336
116	8337
6951	8338
9653	8339
5169	8340
9923	8341
9790	8342
5382	8343
1478	8344
8892	8345
4190	8346
7917	8347
6696	8348
4625	8349
396	8350
1726	8351
7841	8352
249	8353
200	8354
5921	8355
4881	8356
8353	8357
5723	8358
6174	8359
7131	8360
4998	8361
1578	8362
3244	8363
2423	8364
8941	8365
3777	8366
676	8367
703	8368
9521	8369
3059	8370
8127	8371
2140	8372
8425	8373
3306	8374
1414	8375
1397	8376
9183	8377
9788	8378
1467	8379
7584	8380
6101	8381
1849	8382
5384	8383
1614	8384
866	8385
7411	8386
7532	8387
2341	8388
6933	8389
3422	8390
8239	8391
7028	8392
5977	8393
2131	8394
2750	8395
3516	8396
1776	8397
8614	8398
3457	8399
5465	8400
8925	8401
3035	8402
4071	8403
1330	8404
5402	8405
9215	8406
9760	8407
8236	8408
9429	8409
7295	8410
9240	8411
3886	8412
8162	8413
573	8414
9456	8415
4532	8416
9324	8417
1629	8418
1628	8419
5712	8420
870	8421
5683	8422
804	8423
1924	8424
1398	8425
5613	8426
5448	8427
1217	8428
5120	8429
8291	8430
23	8431
2254	8432
2667	8433
9263	8434
2273	8435
6973	8436
5684	8437
3672	8438
3677	8439
8464	8440
8743	8441
2086	8442
4008	8443
2510	8444
3047	8445
7581	8446
6078	8447
1754	8448
6698	8449
8585	8450
904	8451
9827	8452
7642	8453
2189	8454
9802	8455
941	8456
8934	8457
4199	8458
2239	8459
7179	8460
4046	8461
1506	8462
2568	8463
283	8464
4854	8465
4523	8466
3389	8467
3714	8468
3382	8469
3252	8470
9191	8471
5838	8472
7025	8473
5579	8474
5915	8475
9007	8476
4999	8477
555	8478
314	8479
3852	8480
8201	8481
3851	8482
9206	8483
4355	8484
8548	8485
7582	8486
6282	8487
3710	8488
1092	8489
6558	8490
4704	8491
642	8492
9636	8493
5476	8494
7398	8495
1683	8496
1697	8497
4209	8498
5647	8499
9422	8500
6984	8501
8571	8502
8577	8503
6807	8504
9405	8505
2400	8506
3950	8507
5851	8508
7774	8509
2427	8510
5585	8511
3084	8512
7218	8513
4187	8514
9832	8515
460	8516
4146	8517
4620	8518
592	8519
3979	8520
6946	8521
3943	8522
5264	8523
9426	8524
8005	8525
3917	8526
5964	8527
9909	8528
3122	8529
8161	8530
2448	8531
2280	8532
8604	8533
734	8534
3401	8535
783	8536
8325	8537
7921	8538
9373	8539
2801	8540
9487	8541
7075	8542
1441	8543
3354	8544
5009	8545
5012	8546
7708	8547
4343	8548
7060	8549
8171	8550
4834	8551
4041	8552
9143	8553
9144	8554
6231	8555
8623	8556
6793	8557
8766	8558
7149	8559
524	8560
5750	8561
2030	8562
5909	8563
2632	8564
6488	8565
3866	8566
3470	8567
9209	8568
7973	8569
1996	8570
2964	8571
1939	8572
793	8573
2096	8574
4426	8575
1045	8576
532	8577
677	8578
345	8579
1084	8580
5309	8581
2449	8582
2151	8583
4766	8584
6456	8585
9765	8586
5463	8587
9554	8588
1988	8589
6857	8590
6649	8591
3580	8592
4273	8593
1448	8594
9692	8595
3594	8596
4841	8597
4126	8598
2621	8599
4039	8600
4519	8601
6510	8602
8460	8603
7341	8604
3464	8605
9314	8606
4776	8607
9755	8608
2190	8609
7881	8610
4802	8611
6341	8612
7529	8613
8160	8614
62	8615
1271	8616
2229	8617
71	8618
1474	8619
3026	8620
479	8621
8335	8622
7010	8623
1463	8624
7178	8625
3924	8626
4129	8627
2663	8628
1475	8629
3938	8630
3756	8631
1472	8632
3877	8633
29	8634
4285	8635
4583	8636
9520	8637
8775	8638
6447	8639
9066	8640
8963	8641
1842	8642
505	8643
1767	8644
9455	8645
3250	8646
9810	8647
9514	8648
7969	8649
1592	8650
7502	8651
2358	8652
5983	8653
9842	8654
1052	8655
282	8656
2397	8657
6346	8658
6794	8659
6972	8660
2306	8661
5185	8662
252	8663
7631	8664
8794	8665
2040	8666
4505	8667
3894	8668
8352	8669
4096	8670
828	8671
7623	8672
3827	8673
7240	8674
2530	8675
4070	8676
6604	8677
2731	8678
655	8679
5508	8680
6885	8681
5853	8682
5542	8683
1185	8684
5087	8685
6234	8686
541	8687
404	8688
4000	8689
5874	8690
7533	8691
4144	8692
96	8693
932	8694
113	8695
3360	8696
7981	8697
569	8698
1902	8699
4189	8700
7242	8701
8188	8702
8036	8703
4305	8704
5857	8705
2457	8706
881	8707
9665	8708
9239	8709
2719	8710
6905	8711
3733	8712
8148	8713
7763	8714
5415	8715
5379	8716
2699	8717
1290	8718
8607	8719
7216	8720
5755	8721
5019	8722
2577	8723
956	8724
2766	8725
5893	8726
5801	8727
1548	8728
2673	8729
2483	8730
2484	8731
7773	8732
8109	8733
6577	8734
1485	8735
4748	8736
826	8737
9684	8738
2493	8739
8694	8740
3800	8741
3655	8742
6118	8743
6037	8744
4895	8745
1749	8746
4032	8747
8206	8748
7772	8749
7977	8750
1053	8751
6331	8752
4783	8753
9569	8754
7833	8755
9806	8756
5703	8757
9893	8758
8040	8759
4869	8760
4864	8761
69	8762
2496	8763
436	8764
5844	8765
5775	8766
3058	8767
183	8768
6237	8769
1324	8770
3903	8771
2157	8772
3558	8773
8915	8774
3670	8775
7528	8776
2508	8777
549	8778
2797	8779
5208	8780
7670	8781
5054	8782
2970	8783
1960	8784
7790	8785
5481	8786
2085	8787
3687	8788
9049	8789
2022	8790
7681	8791
153	8792
8003	8793
7788	8794
1120	8795
3246	8796
2350	8797
8258	8798
9117	8799
8033	8800
8232	8801
6837	8802
3767	8803
9019	8804
7739	8805
787	8806
5434	8807
6073	8808
675	8809
6655	8810
7170	8811
5575	8812
4931	8813
2799	8814
6607	8815
6152	8816
5771	8817
6126	8818
7333	8819
6659	8820
3037	8821
598	8822
2166	8823
9792	8824
6352	8825
7160	8826
6983	8827
1154	8828
2858	8829
6415	8830
3	8831
2997	8832
6156	8833
3334	8834
3158	8835
2692	8836
6144	8837
261	8838
5370	8839
241	8840
3064	8841
537	8842
6201	8843
5950	8844
8357	8845
8356	8846
7555	8847
3928	8848
5960	8849
4817	8850
2851	8851
9726	8852
6064	8853
1499	8854
2503	8855
4912	8856
263	8857
5761	8858
6526	8859
5017	8860
6602	8861
8244	8862
8332	8863
1812	8864
7577	8865
3911	8866
5515	8867
6720	8868
5299	8869
208	8870
7018	8871
8664	8872
9547	8873
6061	8874
3631	8875
8880	8876
8938	8877
8713	8878
5176	8879
7727	8880
8649	8881
4236	8882
6457	8883
6517	8884
4380	8885
86	8886
7522	8887
2260	8888
9552	8889
2428	8890
8887	8891
8484	8892
3519	8893
1299	8894
3141	8895
9922	8896
2160	8897
2088	8898
9746	8899
2390	8900
3681	8901
1985	8902
1232	8903
1234	8904
528	8905
3057	8906
2823	8907
8256	8908
1349	8909
5577	8910
3460	8911
809	8912
1753	8913
6882	8914
6648	8915
4588	8916
9673	8917
339	8918
8246	8919
8720	8920
5223	8921
3957	8922
1426	8923
518	8924
8486	8925
7627	8926
1028	8927
1772	8928
966	8929
6476	8930
7955	8931
7466	8932
770	8933
4351	8934
1238	8935
9115	8936
3920	8937
5411	8938
9217	8939
2221	8940
2082	8941
6637	8942
7057	8943
4348	8944
258	8945
781	8946
7820	8947
435	8948
8603	8949
1056	8950
6838	8951
6178	8952
5623	8953
9431	8954
6405	8955
4870	8956
6268	8957
1517	8958
2283	8959
9202	8960
6760	8961
3698	8962
561	8963
9447	8964
3905	8965
2322	8966
4528	8967
4183	8968
774	8969
2506	8970
7855	8971
8896	8972
4207	8973
8699	8974
7016	8975
5491	8976
7514	8977
9757	8978
8034	8979
6202	8980
7282	8981
6120	8982
1124	8983
293	8984
5958	8985
3304	8986
4670	8987
5179	8988
7621	8989
8211	8990
2101	8991
8535	8992
925	8993
3110	8994
4262	8995
2518	8996
7987	8997
9579	8998
4203	8999
1904	9000
448	9001
766	9002
8287	9003
4657	9004
2524	9005
6318	9006
5686	9007
7515	9008
4622	9009
5674	9010
5242	9011
6722	9012
7686	9013
3429	9014
2150	9015
8078	9016
3423	9017
7647	9018
8951	9019
1756	9020
7389	9021
2943	9022
4447	9023
6083	9024
1204	9025
4441	9026
2522	9027
297	9028
1529	9029
6824	9030
4060	9031
668	9032
1525	9033
1520	9034
8913	9035
2558	9036
7305	9037
7229	9038
3171	9039
447	9040
4078	9041
8185	9042
916	9043
7293	9044
9533	9045
8279	9046
2385	9047
3541	9048
1367	9049
3759	9050
7220	9051
1527	9052
1863	9053
5429	9054
7877	9055
6344	9056
3129	9057
1694	9058
9233	9059
84	9060
6395	9061
6878	9062
5424	9063
4575	9064
4825	9065
4602	9066
7088	9067
1951	9068
6407	9069
8669	9070
6941	9071
3809	9072
4003	9073
464	9074
818	9075
1309	9076
4446	9077
6683	9078
6971	9079
259	9080
1464	9081
7197	9082
8167	9083
75	9084
717	9085
1275	9086
9253	9087
9471	9088
5287	9089
4212	9090
4059	9091
2778	9092
2938	9093
2585	9094
5347	9095
5781	9096
172	9097
1627	9098
3302	9099
9496	9100
253	9101
1159	9102
2291	9103
2041	9104
9515	9105
633	9106
6693	9107
722	9108
1301	9109
7636	9110
284	9111
1853	9112
1855	9113
1857	9114
7745	9115
4137	9116
2702	9117
746	9118
1768	9119
2659	9120
6328	9121
5615	9122
7787	9123
4342	9124
1565	9125
5143	9126
2777	9127
5819	9128
4951	9129
715	9130
1022	9131
7650	9132
9048	9133
5780	9134
844	9135
4377	9136
1456	9137
2432	9138
1235	9139
4794	9140
6539	9141
7559	9142
7567	9143
1401	9144
1374	9145
6036	9146
8271	9147
4019	9148
1377	9149
9867	9150
3874	9151
4852	9152
3434	9153
8014	9154
3361	9155
1311	9156
3691	9157
9705	9158
5783	9159
1901	9160
7459	9161
4192	9162
9136	9163
309	9164
1885	9165
2194	9166
3202	9167
2049	9168
327	9169
8849	9170
6650	9171
484	9172
1827	9173
5237	9174
9192	9175
6920	9176
2547	9177
897	9178
4414	9179
6873	9180
2237	9181
7494	9182
3119	9183
5543	9184
1820	9185
5328	9186
3300	9187
1540	9188
3784	9189
7473	9190
2440	9191
1626	9192
5934	9193
5252	9194
4986	9195
3086	9196
1526	9197
461	9198
6436	9199
478	9200
723	9201
1059	9202
2833	9203
4549	9204
6125	9205
2765	9206
5622	9207
8344	9208
6256	9209
3193	9210
458	9211
8928	9212
1363	9213
692	9214
8169	9215
1408	9216
2355	9217
9220	9218
5494	9219
4313	9220
8839	9221
6041	9222
1035	9223
4331	9224
4484	9225
1563	9226
7901	9227
1245	9228
3066	9229
4188	9230
1942	9231
5355	9232
9821	9233
5151	9234
7128	9235
9685	9236
4567	9237
9171	9238
1790	9239
68	9240
2060	9241
5592	9242
9042	9243
1984	9244
8909	9245
7934	9246
1431	9247
8210	9248
7852	9249
3063	9250
3556	9251
2529	9252
2528	9253
6671	9254
49	9255
7786	9256
9428	9257
1438	9258
8568	9259
7819	9260
2670	9261
3111	9262
3848	9263
6022	9264
8453	9265
6194	9266
4785	9267
607	9268
4261	9269
8118	9270
8508	9271
4136	9272
1424	9273
5257	9274
2376	9275
9756	9276
4456	9277
8396	9278
5618	9279
3983	9280
2037	9281
9027	9282
9069	9283
1886	9284
3260	9285
9214	9286
2953	9287
8468	9288
1645	9289
8219	9290
8918	9291
4051	9292
8955	9293
6860	9294
5034	9295
8801	9296
6812	9297
6749	9298
8575	9299
7489	9300
7402	9301
6365	9302
7421	9303
7486	9304
835	9305
87	9306
5829	9307
8999	9308
13	9309
4833	9310
9750	9311
7272	9312
8319	9313
7874	9314
4397	9315
4752	9316
6769	9317
1220	9318
8441	9319
340	9320
8715	9321
8126	9322
9534	9323
6438	9324
2859	9325
4350	9326
1156	9327
3061	9328
7433	9329
2241	9330
9381	9331
2900	9332
6827	9333
3614	9334
8428	9335
2511	9336
4597	9337
2172	9338
9734	9339
4296	9340
9369	9341
604	9342
4740	9343
6366	9344
9714	9345
8735	9346
3521	9347
1399	9348
7777	9349
287	9350
3321	9351
6172	9352
2827	9353
978	9354
9688	9355
9575	9356
1755	9357
5343	9358
3469	9359
4317	9360
7304	9361
4402	9362
1634	9363
1252	9364
2984	9365
8968	9366
5267	9367
6610	9368
1760	9369
1700	9370
8629	9371
1757	9372
4423	9373
5314	9374
1918	9375
8611	9376
9484	9377
254	9378
2613	9379
8533	9380
5433	9381
286	9382
1560	9383
7750	9384
7961	9385
9846	9386
5701	9387
6727	9388
6567	9389
3379	9390
583	9391
5124	9392
7838	9393
3077	9394
6429	9395
32	9396
9379	9397
7870	9398
2097	9399
3798	9400
3658	9401
8684	9402
6814	9403
8102	9404
9177	9405
5799	9406
680	9407
8238	9408
6695	9409
1012	9410
2182	9411
2969	9412
4005	9413
5399	9414
8840	9415
8457	9416
1197	9417
1655	9418
8284	9419
858	9420
1823	9421
5845	9422
8150	9423
8683	9424
6635	9425
6565	9426
4872	9427
7289	9428
3718	9429
6446	9430
9513	9431
7327	9432
5883	9433
7992	9434
187	9435
6401	9436
3322	9437
4037	9438
3564	9439
4481	9440
2421	9441
9715	9442
7645	9443
6519	9444
5084	9445
5782	9446
3147	9447
52	9448
4880	9449
1390	9450
991	9451
9265	9452
8237	9453
8981	9454
9304	9455
8748	9456
1202	9457
3945	9458
28	9459
629	9460
6145	9461
9628	9462
1346	9463
6482	9464
7948	9465
7951	9466
370	9467
7709	9468
849	9469
9742	9470
9768	9471
8424	9472
6859	9473
7104	9474
5952	9475
5756	9476
8822	9477
8520	9478
5147	9479
2946	9480
6123	9481
9596	9482
543	9483
3371	9484
1665	9485
9106	9486
9698	9487
2738	9488
106	9489
6729	9490
9084	9491
1633	9492
6013	9493
9380	9494
6068	9495
2220	9496
2171	9497
6764	9498
9316	9499
434	9500
2554	9501
8231	9502
1244	9503
8727	9504
7929	9505
3713	9506
6524	9507
169	9508
9408	9509
8782	9510
6880	9511
6672	9512
4708	9513
8439	9514
2441	9515
3375	9516
1796	9517
9025	9518
4259	9519
576	9520
6521	9521
951	9522
5564	9523
9853	9524
6888	9525
4400	9526
7634	9527
7319	9528
5970	9529
5943	9530
8302	9531
6094	9532
8705	9533
5847	9534
9435	9535
1115	9536
4253	9537
3209	9538
6354	9539
4107	9540
298	9541
5895	9542
1811	9543
2996	9544
7506	9545
4045	9546
6029	9547
8069	9548
1166	9549
6735	9550
2792	9551
8885	9552
9499	9553
1437	9554
4340	9555
4691	9556
1180	9557
7641	9558
5233	9559
3508	9560
685	9561
6647	9562
1532	9563
2327	9564
9645	9565
4275	9566
8959	9567
5537	9568
4944	9569
6657	9570
2195	9571
3431	9572
3374	9573
3388	9574
3175	9575
5846	9576
2579	9577
1844	9578
6377	9579
9729	9580
1677	9581
3184	9582
920	9583
3326	9584
625	9585
6630	9586
4154	9587
933	9588
2960	9589
3365	9590
4370	9591
6494	9592
6492	9593
6767	9594
2	9595
8753	9596
6273	9597
4801	9598
1150	9599
5335	9600
664	9601
6080	9602
7835	9603
896	9604
5655	9605
7778	9606
471	9607
7260	9608
5058	9609
8854	9610
1631	9611
2339	9612
145	9613
5969	9614
409	9615
63	9616
653	9617
5767	9618
5516	9619
899	9620
7452	9621
2856	9622
8838	9623
5520	9624
9517	9625
845	9626
4416	9627
6799	9628
8030	9629
827	9630
3739	9631
4	9632
1362	9633
999	9634
6582	9635
7442	9636
8991	9637
7603	9638
8844	9639
2056	9640
2331	9641
8532	9642
97	9643
6053	9644
1320	9645
5369	9646
7803	9647
9016	9648
5006	9649
5044	9650
7377	9651
1037	9652
8777	9653
5626	9654
7314	9655
8845	9656
4300	9657
3298	9658
7620	9659
2002	9660
501	9661
5646	9662
5248	9663
4243	9664
3261	9665
2048	9666
5194	9667
9156	9668
3357	9669
1595	9670
3661	9671
3164	9672
5302	9673
9602	9674
7851	9675
3665	9676
815	9677
4554	9678
5106	9679
1793	9680
8780	9681
5745	9682
301	9683
5304	9684
7499	9685
6534	9686
59	9687
3303	9688
5146	9689
2744	9690
7138	9691
857	9692
1469	9693
4267	9694
382	9695
8501	9696
4850	9697
5590	9698
7931	9699
5708	9700
7498	9701
6979	9702
1019	9703
6967	9704
2304	9705
6871	9706
361	9707
1020	9708
930	9709
5138	9710
4537	9711
2880	9712
1546	9713
7326	9714
2677	9715
5453	9716
48	9717
4406	9718
3937	9719
2890	9720
936	9721
9730	9722
64	9723
1465	9724
4133	9725
7199	9726
4616	9727
4495	9728
9096	9729
502	9730
5088	9731
9030	9732
5871	9733
3494	9734
8456	9735
2128	9736
7090	9737
7091	9738
6409	9739
3910	9740
2560	9741
3793	9742
6761	9743
1358	9744
791	9745
952	9746
578	9747
2620	9748
3876	9749
7972	9750
7798	9751
3137	9752
3038	9753
1041	9754
9151	9755
7166	9756
563	9757
8813	9758
133	9759
9194	9760
6439	9761
8908	9762
7436	9763
9309	9764
6196	9765
538	9766
1657	9767
7165	9768
1433	9769
2725	9770
1777	9771
7078	9772
8436	9773
2039	9774
9775	9775
4018	9776
5822	9777
3744	9778
8723	9779
5367	9780
8459	9781
9308	9782
1225	9783
7320	9784
1554	9785
1013	9786
1751	9787
874	9788
8381	9789
6103	9790
2693	9791
2092	9792
4044	9793
8964	9794
8192	9795
3107	9796
2954	9797
8760	9798
1379	9799
4845	9800
6110	9801
7360	9802
525	9803
104	9804
552	9805
6484	9806
6180	9807
456	9808
1347	9809
7680	9810
1488	9811
6572	9812
422	9813
6697	9814
3914	9815
2864	9816
8449	9817
2488	9818
2489	9819
7625	9820
5195	9821
140	9822
66	9823
6386	9824
6391	9825
2717	9826
5140	9827
442	9828
12	9829
7134	9830
2609	9831
4376	9832
5769	9833
2636	9834
4332	9835
2618	9836
7724	9837
3955	9838
8701	9839
6459	9840
4550	9841
2721	9842
7121	9843
4764	9844
2913	9845
7493	9846
5320	9847
4475	9848
730	9849
8825	9850
5652	9851
8479	9852
480	9853
1312	9854
1879	9855
1186	9856
2830	9857
9022	9858
5164	9859
3436	9860
1603	9861
2655	9862
9089	9863
7244	9864
8272	9865
1955	9866
1919	9867
2714	9868
9822	9869
1785	9870
7649	9871
3986	9872
4013	9873
7610	9874
4603	9875
5190	9876
5191	9877
6449	9878
1835	9879
160	9880
2523	9881
6855	9882
8285	9883
9150	9884
3235	9885
5519	9886
1854	9887
25	9888
7475	9889
9894	9890
9102	9891
5	9892
6737	9893
174	9894
1740	9895
8151	9896
3194	9897
3584	9898
6387	9899
1117	9900
6817	9901
4705	9902
1140	9903
52	9904
3395	9905
7937	9906
8491	9907
1709	9908
4186	9909
1510	9910
1296	9911
2591	9912
9887	9913
6427	9914
5423	9915
3505	9916
192	9917
8652	9918
4837	9919
7571	9920
9424	9921
4661	9922
9466	9923
9467	9924
3805	9925
3206	9926
2811	9927
9442	9928
4074	9929
2218	9930
7707	9931
581	9932
5743	9933
2868	9934
9660	9935
4656	9936
2429	9937
3139	9938
2808	9939
7779	9940
3341	9941
2091	9942
4739	9943
4017	9944
2845	9945
147	9946
2014	9947
9075	9948
4197	9949
9799	9950
5793	9951
4125	9952
2899	9953
8771	9954
974	9955
9553	9956
3669	9957
3934	9958
699	9959
9133	9960
663	9961
652	9962
5670	9963
5563	9964
8627	9965
1619	9966
6950	9967
5689	9968
1292	9969
5902	9970
1000	9971
8101	9972
5503	9973
7175	9974
506	9975
4418	9976
8052	9977
1537	9978
7959	9979
5606	9980
7818	9981
2834	9982
8589	9983
7768	9984
5062	9985
37	9986
141	9987
6281	9988
308	9989
6287	9990
2409	9991
16	9992
7519	9993
6293	9994
2405	9995
867	9996
2406	9997
7614	9998
2408	9999
9313	10000
