12	1094	4	7.35
119	4050	3	31.77
4514	14	4	17.47
240	7896	3	46.54
674	263	6	67.43
1309	182	3	29.5
965	14	10	30.72
2392	12	3	8.4
673	12	4	4.67
547	102	3	6.39
128	1037	6	57.87
132	3058	3	30.88
5723	14	4	22.35
5601	5233	3	62.05
6487	14	3	16.76
177	14	98	487.77
565	12	5	6.44
2574	16	3	28.17
129	450	3	19.79
817	7949	3	53.52
127	1963	4	40.05
104	528	3	10.63
4574	12	3	11.97
112	685	3	17.09
1024	153	3	26.21
101	865	3	5.12
4819	101	3	16.86
5270	14	3	12.39
865	101	4	8.94
101	1753	3	8.87
1710	14	7	25.19
1376	250	3	32.98
607	1579	3	38.48
12	3841	3	11.97
136	12	34	56.21
4847	610	3	47.71
105	1752	3	17.43
424	115	3	15.98
149	101	9	4.8
1032	4534	3	48.09
6026	14	3	12.39
102	1987	5	28.07
2106	101	4	16.32
216	102	4	4.08
2503	104	5	39.74
977	481	3	34.36
2172	3259	3	51.27
962	2403	4	61.78
1901	12	3	6.95
101	837	5	13.37
16	139	3	9.53
101	626	7	19.96
104	178	4	7.56
113	111	27	116.21
1520	2364	7	131.58
1802	14	10	49.3
534	1284	3	36.79
109	2831	4	34.07
481	7103	3	50.57
387	122	4	25.84
223	145	3	16.7
102	742	3	7.63
103	252	3	6.8
784	377	3	31.48
13	562	8	73.65
815	295	5	56.41
5995	104	3	25.68
3361	102	3	16.84
331	103	5	18.35
1681	2365	4	66.91
12	3792	3	11.97
408	2644	3	39.31
2437	14	7	33.21
1918	101	3	9.49
2138	101	7	40.28
2811	14	6	27.91
161	12	12	5.81
12	179	20	29.5
2649	1288	3	46.94
2055	12	3	7.62
308	181	12	121.41
533	468	3	30.87
107	105	12	7.7
102	2643	6	41.2
979	152	3	26.17
156	1194	3	27.6
3847	6303	3	64.31
112	1399	5	41.61
595	102	3	6.77
367	12	8	11.02
7754	14	3	16.76
101	1549	3	8.32
172	702	3	25.15
641	103	4	18.01
219	14	25	48.55
156	283	7	57.49
609	434	3	31.39
396	12	8	11.99
104	733	3	12.35
167	114	3	9.1
125	6763	3	39.63
939	2940	3	44.91
101	1160	3	6.61
5294	5	3	40.66
102	476	4	9.5
399	258	3	25.69
688	103	3	11.98
204	57	6	24
3391	1200	3	47.72
1621	103	4	24.87
3373	104	3	21.88
153	524	7	65.59
175	2546	3	32.94
484	1004	3	34.36
101	570	6	14.37
329	14	41	186.6
1215	117	3	22.5
4115	14	4	17.47
1111	3144	3	47.29
107	365	6	29.39
252	600	3	27.97
301	584	5	53.53
153	125	3	11.34
101	5884	3	16.86
3959	115	3	30.09
214	138	6	40.36
4026	14	5	27.93
1391	101	5	18.64
1697	14	8	32.19
110	102	18	9.8
2096	3870	3	52.86
111	683	4	24.59
170	1032	3	27.15
893	110	4	25.73
12	354	7	7.62
101	826	3	4.88
2450	125	3	29.05
681	113	8	63.14
298	847	3	30.77
2660	1190	3	46.47
116	230	3	12.87
569	1497	5	69.32
2236	12	3	7.62
4485	12	3	11.97
101	963	4	9.71
12	1505	5	15.22
103	123	6	7.76
204	2590	6	81.55
1504	4786	3	53.05
760	14	22	114.85
102	1093	4	15.27
458	14	11	20.3
201	107	10	45.98
283	12	9	10.57
928	12	4	6.17
136	16	7	33.48
125	1198	4	35.49
663	297	3	29.29
2332	8654	3	60.46
3083	12	3	9.33
963	12	4	6.53
101	914	3	5.38
434	486	8	98.03
5023	14	3	12.39
12	251	13	21.15
3510	14	4	14.96
145	256	6	44.68
624	182	4	36.13
6988	14	3	16.76
521	203	3	25.28
8624	14	3	16.76
411	3918	3	43.16
12	403	8	12.34
139	631	3	22.57
1336	1296	4	58.92
313	343	6	61.2
2002	445	3	38.01
8482	12	3	18.52
193	102	7	11.35
160	102	7	8.35
913	101	3	5.38
112	1172	4	29.17
122	105	6	7.84
127	351	4	26.42
3603	116	4	42.33
436	116	5	33.29
1212	14	8	24.85
3307	14	3	8.82
102	125	8	5.16
831	139	5	45.97
102	330	3	3.91
102	271	25	129.71
103	1637	3	16.65
12	961	4	6.53
934	4951	3	49.97
636	8	3	15.75
105	351	4	13.66
227	2012	4	47.85
1335	1260	3	41.49
1035	104	5	29.18
192	842	3	27.21
399	102	4	8.35
102	449	5	13.46
151	5583	4	56.51
218	105	7	24.35
254	467	3	26.57
134	604	10	100.09
12	138	13	3.88
1383	12	3	5.41
168	161	67	846.42
1196	1497	3	41.99
118	114	4	7.96
168	104	6	14.75
104	512	7	36.64
421	1840	5	69.85
102	946	3	8.98
7719	14	3	16.76
9	117	8	20.4
8339	14	3	16.76
130	3829	5	67.44
333	296	45	745.57
103	121	96	659.95
1897	14	10	55.87
102	691	4	12.08
203	14	84	469.96
672	124	7	62.4
407	101	4	4.49
637	772	3	34.64
12	6151	3	18.52
105	1058	3	14.56
288	104	5	17.25
1320	1947	3	44.28
104	143	6	11.92
1019	575	3	35.54
5621	14	4	22.35
282	192	3	21.08
101	6933	3	21.3
3750	101	4	23.45
4019	14	5	27.93
12	388	7	8.91
1456	367	9	132.73
1399	171	5	55.12
7384	14	3	16.76
349	108	4	16.01
135	1396	5	50.94
6037	104	3	25.68
1216	102	4	16.36
181	17	3	10.56
1189	979	3	39.81
249	1636	3	33.34
2055	880	3	42.68
176	145	3	14.56
233	107	4	12.78
102	266	4	5.86
3578	760	3	44.92
122	106	14	43.44
495	14	27	117.21
738	14	18	74.35
453	5084	3	45.89
4326	14	5	27.93
3577	14	4	14.96
344	14	29	101.8
150	123	4	16.56
260	102	5	9.05
119	304	8	58.31
911	1644	12	223.99
102	585	4	10.92
101	1314	3	7.39
12	719	8	20.33
648	1323	4	53.35
101	492	4	5.51
183	689	3	25.72
819	2138	7	116.85
7324	14	3	16.76
101	507	5	8.79
105	3008	3	20.71
566	987	3	35.54
171	101	12	14.76
2537	187	5	63.22
841	125	3	22.45
180	304	12	120.63
102	369	5	11.82
326	329	9	99.9
102	471	7	24.33
4025	133	3	34.01
8	5	6	25.7
1396	14	13	72.64
12	2080	3	7.62
6004	14	4	22.35
804	14	18	80.23
107	1303	3	17.58
8133	14	3	16.76
1243	101	3	6.98
167	102	6	6.38
798	3278	4	63.93
207	155	3	16.87
7042	14	3	16.76
1272	101	3	7.39
12	1063	3	3.98
1841	1685	6	105.15
225	392	4	35.01
1808	103	3	17.24
2348	14	7	33.21
105	1023	3	14.19
273	186	7	60.67
12	550	6	9.25
566	221	3	26.43
145	234	4	25.39
21	2	7	16.78
2428	4302	3	53.73
542	4448	3	44.6
154	540	3	22.84
1642	167	7	84.86
499	1805	3	37.86
5534	14	4	22.35
535	357	4	41.6
1720	345	3	35.84
12	163	15	11.64
104	346	3	8.43
506	103	4	15.81
451	140	6	50.92
858	105	4	20.06
379	643	6	70.94
101	2184	3	10.19
12	1131	4	7.82
2552	12	5	20.56
820	102	4	13.11
110	114	4	4.09
213	359	4	33.71
3831	452	4	62.31
5489	14	4	22.35
6086	2660	3	56.99
714	101	6	16.65
1295	14	8	26.33
114	138	7	28.25
2	8145	3	33.89
4524	14	4	17.47
334	14	40	178.01
105	1024	3	14.19
3053	14	4	13.17
1879	14	7	27.27
956	14	18	92.88
109	3942	4	38.61
145	112	3	6.9
145	181	4	22.24
1543	12	3	5.86
685	102	7	29.4
542	1695	5	70.75
736	141	15	177.68
1778	101	3	8.87
146	1594	4	40.61
4792	14	4	22.35
3380	14	3	8.82
179	523	4	34.44
2567	101	3	11
124	170	4	18.23
699	12	4	4.67
2902	761	3	43.67
195	145	4	23.07
368	1294	3	34.6
5103	14	4	22.35
1352	101	5	17.77
12	1953	3	6.95
111	493	4	22
3404	14	6	33.52
225	1407	3	31.82
2847	14	7	39.11
107	106	16	20.8
12	622	5	7.04
5971	169	3	38.86
12	725	4	4.93
165	2339	3	32.41
1776	7320	3	58.15
112	134	3	6.04
379	436	3	28.48
1306	12	6	18.66
257	12	13	21.54
112	384	8	53.56
117	306	4	21.95
3587	14	5	22.65
5001	14	4	22.35
5401	14	4	22.35
2808	7279	3	61.48
142	132	3	11.36
111	160	4	11.89
114	644	5	35.3
102	2901	4	23.95
102	314	6	14.8
305	102	7	18.79
7166	14	3	16.76
101	5853	3	16.86
1095	101	5	15.6
2734	6176	3	61.48
1884	102	3	13.06
219	83	6	48.16
12	1097	5	11.39
225	424	3	24.9
339	102	3	4.01
199	12	11	9.32
4658	12	4	24.69
7563	239	3	46.54
188	102	8	14.35
112	120	5	11.43
3503	14	3	8.82
101	4901	3	16.86
5130	14	4	22.35
166	155	4	22.22
462	869	4	46.87
195	155	13	110.6
1056	102	3	9.65
157	102	6	5.46
149	863	3	24.9
1108	13	4	35.59
1643	596	3	38.48
3793	12	4	19.78
463	699	3	32.06
102	897	4	13.9
3971	14	3	10.28
2114	14	6	22.44
1203	14	12	52.42
754	2787	3	43.67
7883	14	3	16.76
469	129	4	29.04
106	411	3	10.57
2234	3319	4	72.42
197	182	5	35.33
273	489	5	50.86
12	135	15	5.71
479	102	3	5.58
637	1788	5	72.69
155	122	3	10.97
6757	122	3	39.1
212	112	3	10.16
12	2673	3	9.33
16	57	26	126.12
7639	14	3	16.76
12	588	7	13.68
507	101	11	36.64
6176	103	3	30.03
426	202	3	24.21
3975	104	3	23.46
4107	14	5	27.93
102	690	4	12.08
102	774	6	24.25
12	1328	3	5
784	102	5	18.25
103	472	3	9.98
1227	112	4	29.76
248	450	3	26.2
12	506	5	5.18
463	3525	4	59.67
200	2929	6	84.65
920	14	14	54.55
7875	14	3	16.76
4034	14	3	10.28
6863	14	3	16.76
324	108	5	21.62
1625	12	5	15.22
116	143	4	13.69
2435	12	3	8.4
102	1099	3	9.65
107	2113	3	20.63
123	7069	3	39.23
2296	14	7	29.83
190	238	3	19.83
618	14	9	18.19
462	2277	3	38.94
569	634	9	123.9
8562	14	3	16.76
221	1110	14	203.34
2865	3080	4	73.3
180	150	3	15.23
127	102	35	114.94
390	104	8	40.43
348	710	6	71.17
231	682	3	27.95
104	4277	4	35.23
12	822	5	8.87
102	1356	3	10.85
139	263	10	84.71
225	344	4	33.87
171	390	6	52.89
3181	12	3	10.48
720	438	3	32.15
128	817	3	22.85
1596	161	3	29.36
7768	12	3	18.52
1030	101	5	14.98
1475	14	10	42.21
111	338	6	33.78
3146	196	4	52.06
7130	14	3	16.76
3652	14	5	22.65
7338	14	3	16.76
263	3148	4	55.54
886	17	4	29.7
111	174	3	7.9
3218	12	3	10.48
363	634	3	30.56
3963	222	3	38.96
390	460	3	28.94
368	199	3	23.23
166	327	3	20.74
107	17	5	5.1
678	234	3	28.04
232	363	8	82.31
102	1233	5	22.99
101	465	5	8.29
225	257	3	21.98
101	1158	5	16.26
2312	12	3	7.62
119	150	29	234.13
135	474	24	286.88
103	2488	3	19.51
138	140	13	91.38
5249	14	3	12.39
1489	351	3	34.82
109	660	14	117.03
1596	460	3	36.9
722	101	3	4.44
103	135	4	4.4
736	1542	3	39.47
316	461	4	39.45
222	163	3	17.65
238	716	3	28.39
294	627	3	28.94
106	128	5	8.16
4426	14	5	27.93
365	229	9	94.55
510	101	4	5.71
739	12	5	8.07
407	212	3	24.18
387	153	7	61.38
158	171	5	30.7
12	1109	3	4.29
480	101	4	5.33
634	263	3	28.75
6770	14	3	16.76
12	287	8	7.94
4541	14	5	27.93
207	1705	3	32.35
12	1447	3	5.41
109	3097	6	59.69
1925	14	4	9.64
5866	14	3	12.39
4506	14	5	27.93
7747	14	3	16.76
1747	12	3	6.37
732	150	3	24.13
2681	12	3	9.33
114	389	5	30.42
230	223	3	20.98
1027	172	3	27.26
703	102	4	12.08
638	391	4	43.9
2523	928	3	43.55
5622	14	4	22.35
133	115	23	148.37
102	5336	4	33.42
3504	12	3	10.48
101	266	5	4.4
207	279	3	21.78
111	1572	3	21.39
385	108	4	16.74
242	189	4	28.98
5297	14	3	12.39
217	2068	5	63.66
148	129	73	819.34
357	1200	4	48.04
543	388	3	30.09
1168	5486	3	51.1
589	253	3	27.97
358	1568	3	35.51
132	107	8	21.4
102	343	4	7.39
341	617	3	29.91
372	14	40	202.23
218	276	3	22.05
122	444	3	18.38
138	133	3	11.32
4325	14	5	27.93
101	384	4	4.19
509	186	5	45.66
2752	152	5	62.31
113	893	3	18.54
3642	14	4	14.96
102	1159	5	22.24
101	471	4	5.33
1113	521	5	65.69
734	115	4	27.56
6084	565	3	47.26
1771	4216	3	51.42
101	1308	3	7.39
1067	684	7	101.23
930	1373	13	243.84
233	362	3	24.5
1045	101	3	6.27
1208	116	10	106.04
512	512	6	71.19
160	990	4	38.1
180	328	30	382.59
1114	156	3	27.17
938	817	3	36.95
174	102	11	23.28
108	179	5	14.33
114	747	15	150.69
3964	428	3	43.33
633	511	3	32.35
2803	14	6	27.91
103	851	4	19.82
1627	14	8	29.93
5180	14	3	12.39
943	101	3	5.65
102	140	6	4.15
1161	964	7	106.97
101	2984	3	11.97
1327	141	7	77.94
101	623	6	15.21
694	246	3	28.4
16	2	17	70.97
401	107	10	62.14
3870	1272	3	49.77
493	102	10	43.12
1734	12	3	6.37
12	519	6	8.27
113	135	11	49.34
288	117	4	21.35
869	108	3	15.04
793	116	5	38.96
12	4795	3	14.11
6303	101	3	21.3
5801	14	3	12.39
135	757	3	23.14
775	101	5	12.46
101	5338	3	16.86
1218	14	11	44.57
1553	124	7	75.71
2971	14	5	19.81
435	1865	3	38.01
528	102	30	236.06
110	127	4	7.97
784	119	4	30.15
102	1016	4	14.78
3671	12	3	10.48
121	128	3	8.9
4448	14	5	27.93
109	331	3	10.52
4092	14	4	17.47
1995	14	6	20.57
1169	896	8	124.66
156	2366	7	93.59
6417	6502	3	71.04
948	14	17	82.46
5086	116	4	49.97
919	14	20	111.77
1287	14	11	47.29
102	1160	4	15.79
101	535	5	9.62
101	432	5	7.83
112	181	19	126.76
1186	3189	4	67.39
4619	5768	3	59.82
113	703	4	25.29
551	1435	5	68.95
2910	14	6	27.91
394	111	4	20.46
109	3512	3	24.4
17	278	3	13.94
12	1095	5	11.39
106	599	7	41.88
619	3063	4	60.21
5631	14	4	22.35
101	284	18	59.71
233	117	8	50.76
240	859	4	41.69
102	826	3	8.12
109	385	32	304.17
8559	14	3	16.76
337	111	3	12.66
500	14	7	7.94
2492	14	7	33.21
4229	14	4	17.47
101	2587	3	11
101	685	6	16.15
254	107	3	8.57
107	900	5	31.04
1006	345	6	74.96
295	3643	4	56.27
220	12	9	6.37
1910	4083	3	52.1
3175	264	3	39.01
12	123	20	7.83
3550	14	3	8.82
2626	14	5	17.73
381	2543	3	38.85
172	2767	3	33.91
105	615	3	11.69
12	5109	4	24.69
57	166	4	10.54
57	300	3	10.63
3579	14	5	22.65
227	8	3	9.56
1585	104	3	16.79
9	156	3	6.92
2833	1034	3	45.26
114	402	4	22.68
164	133	10	67.25
9	58	3	6.24
536	1922	4	55.13
12	222	13	16.31
101	957	6	19.65
7318	14	3	16.76
57	139	3	4.81
2704	2731	3	51.92
350	5284	3	44.37
178	12	49	162.85
1286	101	7	30.7
12	356	8	10.72
106	310	3	9.03
254	5	5	40.69
172	196	3	17.28
110	215	3	9.22
102	743	7	30.04
938	107	5	31.62
4154	107	3	25.31
5628	122	3	34.6
111	158	7	28.19
12	1756	3	6.37
1338	1212	3	41.49
12	1637	3	5.86
108	135	4	6.51
3009	14	7	39.11
7560	14	3	16.76
156	224	11	94.46
105	376	7	32.79
104	732	3	12.35
104	613	3	11.64
613	339	3	29.78
104	8272	3	30.16
358	110	4	18.92
12	687	6	11.26
881	589	4	49.45
236	14	37	115.57
343	153	5	38.97
104	6998	3	30.16
1726	101	3	8.87
7631	14	3	16.76
102	553	3	6.39
522	1471	3	37.09
3936	104	4	35.23
12	1959	3	6.95
105	457	5	21.76
2410	101	4	17.54
2	169	5	16.31
1214	2568	4	63.94
378	608	5	56.12
188	377	31	416.87
701	110	3	16.02
599	168	4	34.84
114	627	3	17.65
295	244	5	44.77
1265	238	3	31.91
12	5581	3	14.11
159	105	4	6.57
1810	116	5	47.34
8516	14	3	16.76
2414	124	4	41.43
101	1161	3	6.61
8	207	4	14.06
1769	413	3	37
204	2	4	13.6
111	479	3	14.55
106	889	3	14.61
12	740	10	30.44
225	147	14	124.87
464	585	3	31.11
12	808	10	32.54
2	371	3	12.28
1080	14	11	40.15
3980	14	5	27.93
112	249	3	11.44
12	2388	4	13.97
797	138	3	23.79
1715	14	3	4.88
102	1753	3	12.42
130	165	3	12.65
5204	122	4	52.15
121	102	9	6.1
3434	14	4	14.96
564	593	22	372.17
213	101	6	4.29
7104	14	3	16.76
851	103	3	13.04
12	1114	3	4.29
214	643	3	26.96
777	14	19	85.43
3242	1687	3	49.84
568	667	3	33.42
420	569	3	30.78
1682	2708	3	48.59
114	195	13	83.42
108	823	3	14.75
533	667	5	60.89
178	286	4	29.69
57	2744	4	34.87
4318	14	5	27.93
3360	101	4	20.87
113	201	11	64.76
414	14	27	104.27
7361	14	3	16.76
310	102	5	10.48
435	1013	3	34.01
967	102	3	8.98
104	5117	3	25.68
12	571	5	6.44
106	119	9	19.02
922	1887	4	58.95
231	424	4	36.22
102	701	4	12.08
5491	12	3	14.11
352	1584	3	35.37
7156	14	3	16.76
154	446	5	41.66
121	142	3	10.1
2444	14	8	44.7
125	1199	3	24.65
1054	102	7	35.76
1217	145	3	26.85
208	102	23	96.2
487	137	4	30.45
5594	12	3	14.11
1292	107	8	66.39
12	6408	3	18.52
12	252	15	28.39
2775	14	7	39.11
102	3449	3	16.84
155	153	6	36.63
2409	14	4	11.76
767	169	7	73.17
12	654	6	10.81
2369	14	7	33.21
197	804	3	27.44
101	405	4	4.49
8	1362	13	148.41
101	6168	3	21.3
4557	14	5	27.93
4462	7819	3	64.31
102	523	4	10.17
111	128	24	137.62
1118	169	3	27.93
102	331	3	3.91
223	680	4	39.12
113	3273	6	70.76
247	238	3	22.29
3829	101	5	35.49
666	180	3	25.35
6825	14	3	16.76
143	136	3	12.17
769	12	4	5.21
101	4701	4	28.39
225	244	4	31.2
1866	8	3	22.02
260	105	3	7.14
12	2042	3	7.62
1324	14	7	20.59
2243	14	8	38.54
102	387	14	64.42
8391	122	3	39.1
2	1142	3	18.54
344	12	8	10.14
5573	350	3	44.37
1723	12	3	6.37
261	2939	6	89.02
5416	517	3	46.44
1736	102	4	19.21
1030	14	10	32.15
631	2716	4	60.21
795	111	3	17.42
5672	14	3	12.39
712	1527	5	72.44
2112	14	8	38.54
187	845	4	38.57
3977	14	5	27.93
6922	14	3	16.76
17	105	8	10.19
5813	14	4	22.35
1205	14	9	30.85
242	104	17	96.49
310	107	6	27.56
102	1970	7	46.37
249	1244	4	45.11
3080	107	3	22.5
1641	14	9	37.17
793	108	4	22.1
941	160	5	49.6
104	142	5	8.34
5167	14	4	22.35
3501	14	5	22.65
105	1615	4	25.12
109	572	3	13.63
130	1266	5	49.21
149	281	10	87.97
102	772	8	37.59
130	4039	4	48.93
12	1158	4	7.82
1072	12	3	3.98
223	543	4	37.55
164	110	15	81.22
970	12	4	6.53
1089	101	3	6.27
345	462	4	39.97
2049	101	5	23.36
1	58	7	42.48
125	544	11	106.34
3500	131	4	46.29
101	850	5	13.37
161	123	4	17.4
161	269	3	19.21
484	484	9	113.56
224	3236	4	53.56
109	1430	11	108.88
138	3260	3	32.97
149	1293	3	27.57
101	1079	8	33.81
949	7390	3	54.47
382	3524	6	99.32
1068	111	5	37.55
1532	117	3	24
164	149	3	14.15
341	105	6	25.08
12	1517	4	10.16
2597	14	6	24.78
978	434	4	48.01
3196	6388	3	62.73
190	314	4	31.35
121	107	15	51.63
432	1679	3	37.17
128	102	59	265.71
5345	200	3	40.59
356	104	5	19.41
2377	12	3	8.4
1162	150	3	26.76
4461	101	3	14.68
8561	14	3	16.76
737	618	3	34.13
12	491	5	5.18
1002	2891	3	45.26
248	355	3	24.82
145	153	4	20.2
2190	103	4	27.74
8626	170	3	43.35
112	1078	3	19.55
1297	107	3	17.58
102	1565	3	11.84
712	102	3	7.63
102	1446	3	11.33
3471	102	3	16.84
12	924	4	6.17
12	848	5	9.31
12	1060	3	3.98
105	394	18	125.64
3386	14	5	22.65
108	249	3	8.45
195	376	3	22.89
3651	1019	5	86.62
316	2442	4	53.46
683	102	7	29.4
542	293	3	28.07
12	1822	4	10.92
102	370	4	7.85
102	539	5	15.19
255	6857	3	47.02
114	1098	3	20.6
1888	374	5	68.53
954	14	13	49.7
4106	14	5	27.93
4497	14	5	27.93
921	14	15	61.96
4141	14	4	17.47
101	506	4	5.51
107	225	3	7.53
102	1311	3	10.85
101	463	7	15.92
4320	106	3	24.62
8123	201	3	45.09
2192	14	8	38.54
7686	14	3	16.76
612	306	3	29.28
102	237	24	113.76
191	250	9	82.32
111	295	3	11.96
101	268	6	6.89
2709	12	3	9.33
12	983	4	6.93
102	5900	4	33.42
3585	124	4	44.88
1647	180	3	30.43
2726	101	3	11.97
1856	101	3	9.49
3303	14	3	8.82
494	102	4	9.71
12	794	4	5.51
185	118	3	11.34
1341	104	8	61.43
670	470	3	32.23
371	107	3	10.52
881	1288	3	39.59
108	583	4	19.76
7930	14	3	16.76
631	129	3	21.58
518	182	5	45.46
12	1564	3	5.86
2804	14	7	39.11
146	145	3	12.94
2048	12	3	7.62
5556	2169	3	55.09
104	366	4	13.94
3349	12	4	17.24
3814	3745	3	57.58
2305	1115	3	44.15
1896	101	3	9.49
4911	101	3	16.86
106	498	3	11.37
12	217	10	8.16
2769	14	6	27.91
101	944	3	5.65
1112	521	3	35.69
468	832	3	33.35
133	116	6	23.43
1615	108	3	18.68
5012	14	3	12.39
104	174	6	15.04
5136	1537	3	53.05
112	893	4	27.17
968	968	6	86.38
1259	134	3	25.85
12	1232	3	4.63
102	806	3	8.12
217	129	5	30.22
196	245	13	130.4
244	12	7	4.21
12	1357	3	5.41
187	257	11	105.57
937	470	3	34
1181	3817	5	93.42
12	2880	3	9.33
7648	5294	3	66.55
1307	101	8	38.02
2085	196	7	95.18
258	101	8	12.48
189	1714	3	31.4
205	1342	3	30.62
5296	14	4	22.35
2833	1820	3	48.59
148	1043	3	26.19
566	450	3	31.11
465	317	8	91.67
102	1788	3	12.42
2083	12	3	7.62
12	266	8	7.32
4111	119	3	31.77
1412	169	5	55.03
1580	14	11	54.7
714	565	4	47.54
4205	14	5	27.93
2087	203	8	114.65
5623	14	3	12.39
8	176	3	7.43
491	173	3	23.21
5765	14	4	22.35
715	12	4	4.93
344	286	3	25.36
143	137	8	48.16
112	122	25	139.01
8043	9	3	34.59
199	14	63	257.89
12	843	4	5.83
101	421	12	39.32
536	7335	3	51.33
997	169	3	27.15
181	108	7	24.8
2163	14	9	50.29
207	192	4	27.28
4540	14	5	27.93
1515	980	3	41.33
198	198	7	56.93
900	182	5	51.02
101	287	11	25.24
691	110	3	16.02
1494	107	4	26.74
117	204	8	47.49
1399	102	3	11.33
156	186	16	141.42
131	112	3	5.7
457	12	8	13.86
1051	375	3	33.45
250	148	16	154.86
111	208	10	55.61
103	925	3	13.35
570	103	3	11.09
8376	14	3	16.76
1926	14	10	55.87
243	505	6	61.89
500	101	4	5.51
5960	14	4	22.35
216	105	3	5.7
104	128	12	34.04
106	2906	3	21.82
102	2030	4	20.14
101	687	4	7.64
481	7818	3	50.57
187	147	28	279.84
2238	1773	3	46.7
295	2627	5	69.4
430	2693	3	40.5
2732	196	5	66.31
5320	101	3	16.86
3933	14	4	17.47
7892	14	3	16.76
649	106	3	12.99
132	648	8	75.98
758	304	4	42.98
250	1838	4	49.31
1204	125	4	35.49
212	473	3	25.01
118	105	10	18.25
109	1614	9	84.7
2046	129	3	28.92
12	776	4	5.21
107	142	3	4.03
2827	14	3	7.7
102	1162	4	15.79
8587	14	3	16.76
12	4597	3	11.97
1164	12	4	7.82
1240	107	4	25.41
1052	12	11	46.39
2893	12	3	9.33
2306	12	3	7.62
301	110	3	11.5
1087	12	4	7.35
857	2198	3	42.36
110	1102	3	18.47
102	453	3	5.43
210	160	3	17.22
3650	164	4	49.58
12	1853	3	6.95
102	251	9	25.48
1118	101	3	6.61
8258	14	3	16.76
3508	104	4	32.61
2396	104	4	29.18
477	114	3	16.05
174	107	6	18.4
7410	2428	3	60.46
317	1138	7	91.49
452	3200	3	42.08
12	957	5	10.27
171	372	3	21.7
1755	14	9	40.11
130	8635	3	40.43
379	523	9	111.22
2	166	4	11.25
2625	14	8	44.7
12	2152	3	7.62
172	701	3	25.15
101	123	20	19.24
4456	12	3	11.97
1300	134	5	49.9
3173	102	6	50.13
12	1806	3	6.37
111	230	8	43.35
108	332	4	15.51
1176	101	3	6.61
284	217	3	22.19
367	14	8	7.52
1485	14	8	28.01
122	132	3	9.01
8560	14	3	16.76
1726	14	6	19
156	1193	8	93.19
12	3230	3	10.48
1027	2257	5	79.66
2607	136	8	110.23
8	190	4	12.95
176	543	3	24.1
272	984	13	186.74
294	314	3	25.09
3659	104	3	21.88
1794	200	3	32.21
3967	102	4	28.44
849	101	3	5.12
12	113	29	4.39
672	1315	4	53.69
8501	14	3	16.76
112	703	4	25.23
12	2977	3	9.33
1282	104	5	32.15
1505	12	3	5.86
2778	12	3	9.33
2290	14	8	38.54
794	101	11	48.24
124	113	5	12.49
1463	116	6	57.07
102	912	3	8.68
12	1299	3	5
4363	4209	3	57.58
102	658	3	7.18
6778	14	3	16.76
2510	12	3	8.4
533	678	3	32.99
104	114	7	6.06
1417	339	13	213.66
2564	102	3	14.63
144	1	3	13.06
7723	14	3	16.76
352	120	3	16.65
102	1877	3	13.06
1491	101	3	7.83
189	1065	4	40.55
234	105	3	6.4
3856	1522	3	50.82
152	2087	4	44.16
261	1052	11	152.67
707	419	10	136.34
5051	285	3	43.15
12	151	20	21.42
12	57	159	332.89
530	390	3	29.68
3444	103	3	21.75
12	3103	3	9.33
532	1659	4	53.89
102	3432	3	16.84
1603	102	4	18.39
1711	102	3	12.42
105	907	4	20.49
1443	3607	3	48.68
12	353	7	7.62
3493	21	6	76.97
101	654	3	4.04
186	203	7	55.23
3952	14	3	10.28
492	106	4	17.48
110	105	12	13.64
253	1631	5	62.24
2754	101	3	11.97
4556	14	4	17.47
223	192	8	67.79
7537	14	3	16.76
249	387	7	71.9
643	12	5	7.37
2061	152	4	44.16
114	271	7	42.22
940	7775	3	54.47
195	1101	4	40.98
179	137	5	28.9
2896	102	4	23.95
109	2269	3	21.29
105	1164	8	58.54
104	1933	3	18.04
1499	523	8	120.45
546	14	26	122.26
3895	14	5	27.93
5161	14	3	12.39
1184	533	3	36.32
101	319	5	5.61
129	221	3	15.19
101	252	9	15.62
2829	1219	3	46.47
247	314	3	24.17
966	102	4	14.32
101	452	14	52.58
7362	14	3	16.76
139	2717	3	31.8
1350	140	3	27.07
167	1168	6	65.5
206	183	3	18.25
7898	396	3	49.58
421	2711	4	57.29
109	644	4	21.47
108	492	3	12.09
138	5138	3	36.78
4970	14	3	12.39
633	192	4	36.96
12	707	5	8.07
986	265	16	243.82
2325	1345	7	128.47
2574	14	4	11.76
106	2218	3	19.94
2133	2986	3	50.03
106	679	3	13.22
8570	14	3	16.76
2084	196	6	78.23
2472	14	8	44.7
1600	14	12	67.05
5299	14	4	22.35
268	103	4	11.53
2202	101	4	16.32
163	140	6	35.68
2289	285	6	84.18
102	270	10	31.38
246	515	3	26.65
4686	12	3	14.11
719	735	5	64.18
109	2800	4	34.07
12	1161	3	4.29
5203	102	3	20.59
101	3149	4	20.87
102	2633	3	14.63
102	8433	3	25.06
5864	677	3	48.2
138	996	3	25.09
113	249	3	11.48
2304	14	9	50.29
323	192	4	31.6
317	1728	7	98.99
2930	14	7	39.11
471	3387	3	42.25
148	750	11	122.85
101	808	3	4.88
101	605	9	29.84
198	717	5	50.6
12	400	6	6.17
101	913	4	9.31
114	3994	4	43.52
746	391	3	31.51
380	470	3	28.97
713	156	3	24.54
3463	211	4	52.92
369	256	3	25.25
1235	14	12	52.42
240	1452	3	32.51
2409	101	3	11
324	105	5	18.65
5752	8339	3	66.55
3049	14	7	39.11
1923	14	9	43.91
1357	226	4	45.15
103	223	3	5.74
830	12	10	33.69
7647	14	3	16.76
2362	272	5	68.65
453	602	3	31.34
3291	243	3	38.32
1484	12	3	5.41
136	163	3	13.33
2	1076	5	35.99
101	2149	3	10.19
1814	12	4	10.92
384	102	8	27
155	181	8	57.84
151	4893	3	37.87
12	2993	3	9.33
1329	14	12	55.82
12	331	6	4.62
2139	1441	7	126.43
101	611	12	48.98
106	105	17	16.14
380	101	14	47.57
109	1283	4	26.94
1589	12	4	10.16
2341	152	3	31.79
134	3493	3	32.53
416	139	8	71.03
373	110	4	19.28
5642	14	4	22.35
102	705	6	23.16
330	2597	3	37.89
110	130	3	4.81
273	1504	3	33.94
5154	14	4	22.35
2777	14	6	27.91
3892	14	3	10.28
102	5186	3	20.59
108	120	6	10.15
965	101	3	5.65
811	820	3	36
34	34	11	139.12
357	2772	3	39.44
12	1854	4	11.79
149	596	3	23.07
1120	610	4	51.78
1161	1738	3	42.71
12	1092	5	11.39
101	179	7	4.05
101	221	7	6.86
12	2228	3	7.62
119	4052	3	31.77
8090	14	3	16.76
2812	14	4	13.17
117	142	8	38.11
526	113	3	15.61
5035	14	3	12.39
112	111	31	141.76
2275	101	3	10.19
105	116	18	49.12
4417	14	5	27.93
2328	116	8	100.04
2544	14	7	33.21
509	283	3	27.56
107	205	4	11.31
255	5316	4	62.76
101	431	4	4.8
12	1905	3	6.95
3115	9	3	26.29
315	102	4	6.96
123	431	3	18.34
101	1192	3	6.98
7127	14	3	16.76
5585	101	3	16.86
1019	1967	5	78.17
227	608	4	38.36
4316	14	4	17.47
102	556	3	6.39
785	226	4	40.35
280	21	4	22.49
101	6084	4	28.39
135	417	3	20
882	12	4	6.17
343	234	4	34.56
12	2588	3	8.4
143	236	3	17.12
129	355	8	65.82
1745	115	3	23.96
833	1834	4	58.52
1439	14	11	50.55
430	1685	3	37.17
864	101	4	8.94
1211	12	6	17.69
101	5064	4	28.39
549	4484	3	44.81
239	107	12	65.78
108	134	5	9.9
5171	118	3	33.45
2434	603	3	41.39
228	110	13	80.17
4178	14	4	17.47
4187	1985	3	52.1
517	267	4	38.82
5096	14	3	12.39
5722	14	4	22.35
195	1075	7	81.37
101	3192	3	13.15
672	239	3	28.22
12	1246	4	8.32
875	1556	3	40.64
1519	12	3	5.86
7485	12	3	18.52
815	494	3	33.23
237	112	24	195.67
104	3027	3	20.65
1922	104	5	36.48
503	666	3	32.16
3857	610	3	45.48
12	433	7	10.12
1491	12	3	5.41
152	936	3	25.82
145	122	4	15.95
178	14	13	5.62
1990	113	4	33.73
4403	124	3	32.65
12	112	37	13.19
5909	122	4	52.15
101	958	3	5.65
1767	102	4	19.21
116	114	5	11.19
468	1659	4	53.13
124	112	6	16.9
1236	14	13	61.11
12	553	6	9.25
133	104	12	35.54
101	653	4	7.35
101	704	4	7.64
104	108	26	46.59
2115	108	4	30.48
209	6028	3	40.74
2218	14	9	50.29
8320	14	3	16.76
272	152	3	18.84
12	1113	3	4.29
119	896	3	21.64
1836	12	3	6.95
2627	102	4	22.45
158	530	3	22.92
138	2607	5	58.28
103	330	3	8.07
102	942	6	26.83
360	110	10	66.77
276	108	4	14.2
1213	14	12	52.42
6930	14	3	16.76
2974	14	5	19.81
731	101	3	4.44
581	167	11	120.89
5770	14	4	22.35
369	101	21	89.58
378	2641	3	38.7
12	2	74	68.95
101	961	3	5.65
2011	12	5	17.47
101	4778	4	28.39
105	145	29	149.21
343	181	4	31.37
139	2718	3	31.8
12	2453	3	8.4
4258	14	4	17.47
529	14	31	164.5
149	1096	4	37.63
243	180	10	91.02
185	106	7	23.42
518	804	3	33.42
111	480	3	14.55
7450	14	3	16.76
912	101	3	5.38
115	9	5	7.8
1958	3580	3	50.51
1903	102	4	20.14
102	111	16	8.39
1825	226	3	33.64
214	140	7	50.08
7316	14	3	16.76
5022	14	4	22.35
1783	14	10	49.3
4992	122	3	34.6
106	2413	3	20.8
1003	168	4	38.72
107	440	5	24.39
304	202	3	22.27
357	1170	3	33.57
3882	1270	3	49.77
83	58	3	15.99
1820	14	11	61.46
128	4468	3	33.61
1094	3654	3	46.88
498	548	3	31.26
12	2032	3	7.62
2613	578	3	41.17
854	101	4	8.94
7421	14	3	16.76
125	991	16	199.81
513	1573	4	52.78
101	2642	5	25.08
1731	14	11	61.46
8553	14	3	16.76
113	400	4	21.14
155	234	4	26.32
993	738	3	36.74
3525	12	3	10.48
2200	121	9	117.46
3343	14	6	33.52
295	2290	3	36.42
1514	196	6	73.06
3378	14	6	33.52
580	12	5	6.44
109	137	3	4.24
1364	735	3	38.92
3374	104	3	21.88
987	3854	3	48.09
109	389	6	31.58
4304	21	3	31.72
2319	7839	3	60.46
105	2201	3	18.84
106	171	4	8.43
328	14	47	246.32
1250	14	7	19.39
3776	12	4	19.78
2941	104	5	41.93
414	12	5	4.17
340	102	5	11.02
209	1036	3	29.03
101	7526	3	21.3
4536	115	4	44.1
2193	14	9	50.29
8311	14	3	16.76
107	2887	3	22.5
380	610	4	43.37
4941	6495	3	66.55
375	102	6	16.52
2593	107	3	21.49
3422	102	3	16.84
5	467	3	24.72
505	344	6	66.2
252	906	9	114.48
335	169	3	20.85
135	1347	4	37.84
4893	3185	3	58.23
670	2693	4	60.88
3302	14	6	33.52
3279	374	3	40.97
108	353	5	22.26
2581	101	3	11
1458	101	3	7.83
3000	14	4	13.17
102	519	3	5.88
3046	147	4	46.43
491	102	7	24.75
201	102	10	24.31
667	415	5	58.42
1365	131	12	155.27
1919	2639	3	48.24
263	1267	6	75.86
8134	14	3	16.76
4908	101	3	16.86
57	3740	4	39.41
5182	14	3	12.39
566	6635	3	51.75
1273	101	3	7.39
101	1063	3	6.27
7441	14	3	16.76
937	101	5	14.41
2435	14	3	6.81
587	238	3	27.41
12	315	6	4.46
288	413	4	37.84
750	248	4	41.26
118	17	5	13.14
166	735	3	25.19
102	3334	5	36.4
105	852	4	20.06
12	2798	3	9.33
7147	14	3	16.76
101	806	3	4.88
1239	106	3	16.45
101	670	8	26.44
101	595	4	6.83
12	464	6	7.4
789	2543	3	42.94
744	2631	5	78.15
109	2862	3	23.17
926	6990	3	54.14
1702	1230	3	43.14
12	1178	3	4.29
111	722	3	16.87
1847	2678	3	49.27
12	1262	5	12.7
387	234	5	46.79
101	1991	3	9.49
3144	1508	3	49.23
8684	14	3	16.76
148	753	6	57.77
2255	116	7	77.98
2761	14	7	39.11
121	1252	3	24.1
12	417	5	4.35
12	299	14	28.87
197	150	3	16.23
103	1611	3	16.65
101	1078	3	6.27
101	974	5	14.41
996	12	6	15.24
155	256	8	66.46
104	412	3	9.48
238	4458	3	39.73
1977	103	3	17.9
101	2242	4	16.32
1608	14	3	4.4
12	3671	6	37.04
174	950	3	26.91
7078	14	3	16.76
658	113	3	16.89
2371	129	3	29.79
1308	101	3	7.39
124	12	32	33.11
123	974	3	22.71
9	13	8	28.01
141	102	6	4.2
421	8659	3	50.05
101	1736	3	8.87
2486	150	5	59.8
1534	12	7	27.38
5737	14	3	12.39
583	106	13	96.21
2004	14	8	34.94
12	2078	4	12.79
119	199	44	454.62
1635	124	5	49.38
5766	14	4	22.35
604	21	14	141.27
786	434	5	60.42
490	168	14	157.44
1737	119	3	25.63
822	12	4	5.51
505	257	3	26.85
368	150	8	71.12
117	114	3	4.17
417	155	3	21.61
5872	14	4	22.35
516	111	19	176.35
101	6394	3	21.3
1539	527	4	53.04
174	3003	3	33.91
1419	329	3	34.43
114	774	5	36.66
1392	102	3	11.33
135	223	3	15.8
102	2982	3	15.63
1413	12	3	5.41
866	814	3	36.3
580	1015	5	65.37
102	1261	3	10.42
108	3959	3	25.38
1323	14	14	78.23
274	14	50	234.04
12	675	5	7.71
6856	14	3	16.76
1946	14	10	55.87
12	795	4	5.51
447	1980	5	70.13
308	122	23	231.73
4951	12	3	14.11
12	3164	3	10.48
185	171	4	24.46
299	113	5	26.1
6821	14	3	16.76
1863	8	4	32.17
272	930	8	100.31
508	101	5	8.79
111	547	5	31.19
4582	14	4	17.47
114	4536	3	29.66
2113	14	9	50.29
250	233	26	327.69
3639	119	3	30.19
761	195	17	229.16
108	125	4	5.17
512	102	13	65.02
3318	819	3	45.2
12	2146	3	7.62
753	980	3	37.02
119	1295	11	126.97
119	1211	5	45.14
6998	14	3	16.76
5131	14	4	22.35
113	120	44	293.72
4257	14	3	10.28
1998	12	3	6.95
101	840	5	13.37
255	3933	5	78.54
2264	102	4	21.21
1137	102	3	10.02
102	747	5	17.8
114	140	35	264.63
5212	14	4	22.35
107	5533	3	27.54
638	388	3	30.99
964	153	3	25.86
317	723	5	56.24
7309	14	3	16.76
1152	103	4	22.21
567	128	3	21.1
481	842	10	141.8
388	253	4	36.58
338	102	8	24.83
116	119	4	9.84
1517	3203	3	49.23
114	6066	3	31.88
101	1097	4	10.6
263	430	4	37.62
2940	103	3	20.52
6023	14	3	12.39
423	14	37	197.71
118	5	4	18.73
401	351	3	27.57
105	2474	3	19.7
2604	14	7	33.21
109	3908	3	25.98
12	183	12	8.75
207	887	3	28.34
258	12	8	6.93
269	159	3	19.21
174	1616	4	42.72
104	440	5	21.39
362	715	4	44
7685	12	3	18.52
164	3098	3	33.33
1995	12	3	6.95
102	899	3	8.68
4338	14	4	17.47
12	1612	4	10.16
5278	14	4	22.35
662	203	4	37.96
102	643	4	11.77
726	5100	3	48.46
216	107	9	40.78
1345	911	11	189.84
287	951	3	31.08
125	159	58	613.09
269	345	3	25.05
246	1725	4	47.96
475	14	34	181.1
8054	14	3	16.76
1958	103	4	26.66
12	586	7	13.21
889	1710	3	41.25
101	288	6	7.37
401	661	5	57.71
569	1662	3	38.87
272	639	9	109.77
12	1655	3	6.37
111	143	12	56.9
191	152	10	77.73
102	137	70	370.17
6857	14	3	16.76
2917	14	7	39.11
105	1304	3	15.81
115	210	3	11.42
109	627	4	21.15
125	1691	3	26.76
4490	14	5	27.93
1294	14	14	78.23
715	101	3	4.44
728	993	3	36.74
102	389	3	4.77
102	506	4	9.71
8460	243	3	46.64
3779	12	3	11.97
120	317	16	144.64
107	204	3	6.92
669	103	5	25.3
3054	14	4	13.17
939	1438	5	74.08
343	256	3	24.84
2257	1543	4	64.78
166	108	6	18.12
501	107	5	25.27
2557	150	3	31.61
1162	147	4	38.01
12	1183	3	4.63
110	57	7	7.65
708	245	4	40.76
12	346	6	4.97
915	4474	3	47.41
101	714	10	39.21
639	101	3	4.04
57	324	6	30.53
105	821	5	27.01
1	2	4	9.88
101	2237	3	10.19
12	105	132	117.22
12	162	18	18.75
106	583	3	12.32
103	130	4	3.95
2586	101	3	11
201	137	4	22.92
406	161	3	21.58
406	104	4	14.69
3072	101	4	19.01
330	446	6	64.56
7015	14	3	16.76
4273	14	3	10.28
104	1003	3	14.14
2131	101	3	10.19
1845	250	4	49.31
101	459	6	11.9
139	470	7	61.71
171	293	3	20.19
953	134	3	24.3
247	145	4	26
481	1154	4	49.56
793	2607	3	42.94
171	345	12	121.28
1961	21	5	50.27
400	2841	6	93.89
929	155	4	36.77
4392	14	4	17.47
3050	229	3	36.55
3076	102	3	15.63
224	418	3	24.9
12	1766	6	22.34
214	145	6	41.47
105	1178	3	14.94
1364	122	5	47.91
361	162	3	20.91
12	1841	3	6.95
286	21	26	258.4
12	1021	4	6.93
4983	14	4	22.35
1216	101	3	6.98
445	182	3	23.26
859	12	5	9.31
117	123	3	6.5
1355	12	7	24.46
2986	12	3	9.33
57	787	3	15.92
6088	136	3	36.75
1582	14	11	54.7
874	101	5	13.88
12	2098	3	7.62
101	1181	8	35.08
1953	2462	3	48.24
1170	12	3	4.29
1390	107	4	26.74
3462	17	3	28.92
377	16	3	17.1
103	172	3	3.9
1412	103	3	16.12
109	146	4	8.25
373	367	4	39.02
118	113	4	6.84
4584	505	3	44.02
1373	984	4	57.31
6970	122	3	39.1
12	259	10	12.07
101	6932	3	21.3
105	2135	3	18.84
1833	430	3	37.84
113	208	9	49.63
2132	14	9	50.29
12	2801	3	9.33
104	313	3	8.08
307	105	5	18.25
117	778	6	48.65
1511	101	3	8.32
5472	14	4	22.35
264	1680	3	34.44
230	146	4	25.21
1893	14	10	55.87
109	457	13	94.99
149	225	5	33.61
102	3519	3	16.84
5914	14	4	22.35
404	140	4	29.55
117	1012	3	21.3
419	391	4	40.65
161	323	3	20.34
3203	152	3	34.05
771	12	6	12.22
234	125	4	22.48
12	1607	5	15.22
791	1278	7	106.98
314	4933	3	43.85
383	329	3	26.88
1775	173	3	30.58
276	135	3	17.42
6388	1866	3	58.83
244	161	5	36.32
2496	12	3	8.4
244	104	13	66.46
653	102	4	11.77
603	12	4	3.97
5918	104	3	25.68
12	589	6	10
6953	14	3	16.76
3944	14	3	10.28
104	135	4	4.53
610	129	7	63.48
12	1102	4	7.35
3904	14	5	27.93
339	101	5	5.92
936	263	8	101.07
1342	119	4	34.62
4518	1326	3	49.77
361	117	3	15.58
3163	425	3	41.74
3693	148	3	35.28
496	844	3	33.53
7752	12	3	18.52
631	283	4	40.97
598	112	6	41.7
264	227	40	563.79
197	682	4	38.01
294	155	3	19.35
1360	1438	5	78.65
700	677	3	34.36
534	838	5	62.86
1194	521	5	66.47
5426	14	3	12.39
1063	2983	3	45.64
112	338	4	19.81
12	619	4	4.19
1826	642	5	73.98
2196	12	3	7.62
12	2072	3	7.62
5625	1969	3	54.33
109	615	9	63.95
393	14	41	229.21
115	160	4	14.33
368	1213	3	34.14
5099	14	4	22.35
1708	14	10	49.3
1366	3185	3	48.68
176	9	7	29.42
724	104	3	12.35
5068	14	4	22.35
105	385	5	20.19
698	1994	4	56.98
12	365	6	5.54
1455	396	7	98.49
976	3180	5	85.99
758	392	3	31.78
5635	14	4	22.35
12	1184	3	4.63
105	3512	3	21.94
1380	101	4	12.87
101	1913	3	9.49
452	101	5	8.29
4933	8078	3	66.55
875	1130	3	38.7
102	1007	5	20.91
628	280	4	40.82
102	7068	3	25.06
5887	14	4	22.35
569	101	4	6.58
676	110	3	16.02
121	112	6	16.36
1061	104	4	21.84
1556	396	3	36.09
7701	14	3	16.76
685	101	4	7.64
1849	2306	9	186.86
319	244	3	24.07
507	1273	3	36.21
8272	14	3	16.76
4483	14	5	27.93
1303	14	13	65.56
785	9	3	17.18
132	237	9	68.57
12	2065	3	7.62
435	227	3	25.14
134	136	6	30.94
381	102	26	162.13
12	681	4	4.67
58	188	6	38.87
4334	12	3	11.97
242	448	10	113.43
636	129	4	31.57
12	2208	3	7.62
746	678	5	63.72
401	763	3	31.93
482	102	4	9.5
101	1393	8	39.76
3921	14	4	17.47
108	187	3	6.17
228	108	4	12.34
147	14	128	627.01
103	455	6	28.03
12	1243	4	8.32
2412	14	6	24.78
1044	106	3	15.64
548	14	25	113.32
486	253	3	26.75
146	508	3	21.64
114	145	15	86.53
205	293	7	63.84
726	1451	3	38.92
577	14	22	91.78
3839	203	4	55.26
1127	106	5	32.48
101	631	3	3.86
4412	14	4	17.47
7329	14	3	16.76
587	192	3	25.37
419	486	5	55.32
4687	3747	3	59.82
116	111	9	25.54
3626	374	4	58.17
489	248	6	62.28
241	9	3	10.57
102	5652	3	20.59
621	112	3	16.61
12	3683	3	11.97
5377	14	4	22.35
111	862	14	136.18
590	108	4	20.05
413	14	38	203.25
1407	14	13	72.64
355	14	45	251.59
249	102	10	29.76
102	905	5	19.74
1733	651	3	39.56
1497	283	4	47.56
116	123	4	10.72
487	262	9	103.35
12	7	16	5.66
12	193	10	5.87
1761	182	3	31.15
421	1857	3	37.84
148	980	4	37
829	388	5	59.85
144	106	126	1215.28
4216	14	5	27.93
101	616	3	3.86
4688	12	3	14.11
12	379	8	11.34
1214	12	3	4.63
187	150	5	31.04
2088	12	3	7.62
538	4396	3	44.6
364	1819	4	51.2
186	221	4	27.56
108	679	3	13.95
8	2319	4	34.53
8058	14	3	16.76
511	486	3	30.66
114	155	16	98.39
151	3860	4	51.51
902	101	7	24.56
866	133	4	33.92
119	423	19	192.43
111	249	5	23.33
2579	392	4	55.12
6087	116	3	32.97
209	8555	3	45.23
112	479	4	22.39
2186	136	3	29.8
582	102	4	10.92
7605	14	3	16.76
2271	14	5	16.07
4400	103	5	50.05
12	1089	6	15.99
4012	14	5	27.93
129	203	7	46.33
565	103	4	17.11
2421	103	3	19.51
281	14	55	290.48
12	780	8	21.06
101	478	4	5.33
1921	14	7	27.27
2669	12	3	9.33
2514	4535	3	53.73
151	3484	5	65.28
102	399	5	12.48
102	457	4	9.29
1892	14	7	27.27
112	484	5	30.34
505	304	8	92.02
5	223	3	19.96
12	2250	3	7.62
2	188	11	56.44
102	5937	3	20.59
17	57	21	82.18
1940	14	7	27.27
101	157	25	57.14
7630	14	3	16.76
12	1676	3	6.37
541	862	3	34.11
1000	4956	3	50.33
568	391	4	42.95
411	607	8	100.68
170	176	3	16.03
3311	14	6	33.52
102	376	3	4.54
104	2179	5	37.97
8404	14	3	16.76
171	322	6	50.35
3931	14	3	10.28
165	2365	3	32.41
134	14	83	238.48
112	158	43	350.72
533	391	3	29.88
292	107	8	40.28
7	177	4	19.94
105	660	9	57.38
2390	14	6	24.78
109	1484	7	58.44
6992	14	3	16.76
283	103	4	11.92
7453	14	3	16.76
102	1038	6	27.59
213	309	4	32.67
1268	12	3	5
12	1217	5	12.7
2269	103	5	37.74
466	117	4	24.97
114	228	6	31.47
128	149	5	24.52
154	378	8	72.39
104	201	8	28.45
352	3058	3	39.31
6654	12	3	18.52
464	8427	3	50.39
113	230	31	270.4
12	409	15	42.88
12	349	9	13.54
101	709	3	4.44
436	2481	3	39.64
1001	101	4	10.14
3547	14	6	33.52
102	615	3	6.97
1094	6039	3	50.7
6530	16	3	38.74
230	102	9	23.13
128	110	5	12.23
4820	12	3	14.11
102	2582	3	14.63
855	102	3	8.39
217	165	35	403.56
7842	396	3	49.58
113	1253	4	29.82
2887	14	6	27.91
518	244	5	50
4226	14	5	27.93
8558	14	3	16.76
1728	14	10	49.3
614	14	25	125.72
226	488	3	25.59
102	1811	3	12.42
447	5745	4	67.08
1195	12	6	17.69
102	1240	11	74.66
553	1321	4	52.12
156	4886	4	56.83
660	12	4	4.42
3689	503	3	44.02
1091	125	3	23.82
12	2458	3	8.4
5632	14	4	22.35
1387	101	3	7.83
191	380	3	22.78
101	1339	5	17.77
139	1194	4	37.79
452	610	9	118.51
889	2132	7	118.48
279	717	3	29.47
111	112	18	62.73
12	1831	4	11.79
459	102	14	69.58
7721	14	3	16.76
3148	203	4	52.63
2186	14	4	10.61
3834	111	4	41.45
12	2125	3	7.62
1521	101	5	19.6
129	277	13	114.52
428	102	4	8.89
1968	122	4	38.71
109	3624	4	35.98
139	283	13	119.46
8318	14	3	16.76
4089	14	5	27.93
125	2436	3	29.05
385	12	7	8.63
125	756	15	169.31
608	107	5	27.33
117	297	3	14.49
505	328	3	28.2
2673	3821	5	104.92
508	2851	3	41.19
102	157	8	10.7
4466	14	4	17.47
2801	3330	3	53.17
498	133	3	20.51
102	560	3	6.39
102	351	4	7.54
371	101	5	6.61
12	1886	3	6.95
1036	14	13	52
4293	21	4	46.28
616	102	7	28.2
837	742	5	65.69
3826	12	3	11.97
1684	12	5	16.26
2198	1613	4	64.78
232	489	3	26.01
12	784	4	5.21
113	428	6	37.79
2426	14	8	44.7
3035	101	5	27.24
113	480	4	22.45
1049	12	6	15.99
3631	136	3	32.93
101	1090	3	6.27
758	147	3	24.19
129	1677	5	52.18
9	83	3	9.14
2395	14	4	11.76
1506	1843	8	148.47
3507	14	4	14.96
567	135	3	21.68
102	4196	3	18.39
114	397	31	332.9
570	2556	4	58.07
356	113	4	20.38
426	14	32	146.47
327	102	12	46.88
664	2399	3	41.86
5802	211	4	60.56
874	880	3	37.23
1267	12	9	37.78
105	2303	4	27.99
104	111	14	21.22
104	180	11	41.89
7314	14	3	16.76
113	193	4	14.57
500	104	8	43.71
235	102	5	7.88
165	139	76	933.32
319	3969	3	41.62
146	343	4	28.59
2591	14	8	44.7
398	135	3	19.53
103	483	3	9.98
111	827	5	34.59
647	387	3	30.85
102	964	4	14.32
9	8	16	45.36
7055	14	3	16.76
8555	14	3	16.76
511	152	3	22.31
3077	141	6	77.65
4555	12	3	11.97
1231	12	3	4.63
118	12	25	10.05
1275	2092	8	148.36
140	153	3	13.21
5283	14	4	22.35
12	276	18	43.02
12	2427	4	13.97
129	2762	3	30.81
2127	578	5	74.27
132	1584	4	38.67
107	209	3	6.98
101	427	9	23.98
425	123	3	18.34
284	2747	7	111.71
101	1196	3	6.98
8	170	4	11.74
388	736	3	31.51
6482	187	3	44.22
109	1024	3	16.61
2183	14	5	16.07
1248	14	12	52.42
3078	105	6	54.72
8674	173	3	43.46
508	454	3	30.11
210	237	4	30.1
1969	170	4	44.39
101	1556	3	8.32
737	150	5	45.85
1895	158	3	30.58
101	114	19	6.11
561	101	4	6.35
691	103	3	11.98
2150	14	4	10.61
1631	101	4	13.58
4718	136	4	55.01
102	526	6	20.05
138	108	7	18.95
432	1585	3	36.56
1296	14	12	55.82
764	3635	5	83.81
896	14	20	111.77
12	754	4	5.21
5265	110	4	45.64
269	4246	4	58.17
17	2	5	7.43
232	186	5	37.75
152	569	3	23.12
104	757	3	12.61
7511	14	3	16.76
1230	334	6	77.15
2	130	4	7.96
4337	103	3	23.32
1449	103	3	16.12
108	105	28	54.14
111	271	5	24.15
2490	239	6	84.37
350	515	21	308.9
7620	12	3	18.52
3825	148	3	35.28
350	948	11	155.45
584	14	18	63.48
3529	14	4	14.96
967	101	3	5.65
4246	14	5	27.93
106	120	6	8.94
363	283	5	48.47
4720	510	4	68.05
12	4724	3	14.11
404	271	7	73.86
1254	12	3	4.63
543	785	3	34.02
5002	14	4	22.35
1400	14	4	7.44
652	500	3	32.16
388	226	7	69.93
1166	101	4	11.1
2768	108	3	22.57
186	355	4	31.97
3602	14	5	22.65
4415	14	4	17.47
296	12	6	3.85
642	3750	5	87.84
12	3780	3	11.97
1347	12	3	5
5938	102	3	20.59
470	186	6	56.47
1228	546	3	36.53
1362	1417	13	269.73
5407	14	3	12.39
227	129	10	76.46
6029	14	3	12.39
130	103	4	3.95
4314	14	4	17.47
1075	180	5	52.71
104	407	4	14.69
125	446	3	18.89
125	372	9	75.11
560	4345	3	44.81
6058	14	4	22.35
7	7	27	213.52
782	438	3	32.42
116	110	4	5.14
880	12	4	6.17
102	1752	3	12.42
12	408	5	4.17
12	557	8	16.64
2573	104	3	19.64
1373	639	3	38.41
1441	350	6	80.21
252	101	6	6.43
346	4011	3	42
1985	101	3	9.49
12	4072	3	11.97
102	735	4	12.41
2335	4819	3	55.96
1637	12	4	10.16
3752	195	5	74.45
101	1423	3	7.83
612	285	5	53.74
176	238	4	27.8
171	1170	3	27.98
1644	8	12	136.97
6913	14	3	16.76
209	1641	5	59.22
120	542	5	37.21
365	2602	3	38.56
2	214	5	19.75
1889	104	4	26.84
2831	886	3	44.58
102	1121	5	22.24
1885	14	9	43.91
6763	14	3	16.76
2169	14	8	38.54
12	664	4	4.42
753	662	4	48.85
4169	14	5	27.93
102	478	4	9.5
12	2019	4	11.79
3252	14	6	33.52
1621	101	3	8.32
280	14	34	116.07
1114	186	3	28.73
250	4692	3	42.52
104	1623	6	43.79
1812	102	3	12.42
7	188	3	13.82
101	1074	3	6.27
593	156	3	23.57
254	587	3	27.97
395	102	6	17.07
5548	14	4	22.35
1566	101	3	8.32
113	547	6	40.87
101	4411	4	23.45
974	505	7	94.33
4045	14	3	10.28
476	101	4	5.33
103	131	47	265.69
722	102	3	7.63
1854	12	4	11.79
1612	12	4	10.16
2092	2684	3	50.03
480	102	10	42.46
102	720	3	7.63
109	351	3	10.89
1171	14	16	89.41
135	680	4	32.63
135	613	3	22.13
1200	14	15	83.82
438	390	3	28.77
884	108	3	15.34
156	750	3	24.82
639	12	5	7.37
1813	277	4	49.04
1139	102	3	10.02
1046	12	3	3.98
2	177	26	176.74
12	2275	3	7.62
3868	298	3	41.26
575	14	21	84.2
1272	103	3	15.63
223	638	3	27.2
163	106	5	11.76
163	155	3	14.59
3506	14	4	14.96
176	8	3	7.43
111	120	14	57.02
568	152	3	23.12
151	3207	3	34.05
195	123	3	13.05
1108	101	3	6.27
214	397	4	34.59
856	21	13	139.24
186	975	3	27.6
1409	14	13	72.64
12	597	4	3.97
12	713	4	4.93
187	945	6	64.94
58	107	4	7.4
134	110	6	17.59
152	139	4	19.52
2883	104	3	20.65
1217	763	4	53.78
112	160	3	7.77
756	14	21	104.02
2965	103	4	30.52
2602	14	8	44.7
3723	148	3	35.28
111	384	5	27.63
821	122	4	31.34
483	7201	3	50.57
12	1738	4	10.92
719	122	9	85.83
843	913	3	36.92
1617	322	3	34.86
2070	3201	3	51.27
2846	14	7	39.11
8056	14	3	16.76
1696	6945	3	58.15
998	1280	5	73.78
2879	14	6	27.91
7091	14	3	16.76
5104	14	4	22.35
8535	14	3	16.76
12	1020	4	6.93
791	639	3	34.93
3335	12	3	10.48
488	232	6	61.16
339	16	13	112.45
113	143	27	179.41
1239	5141	3	51.53
4038	14	4	17.47
105	2136	4	27.99
607	2774	3	42.42
120	1037	4	32.58
294	1705	3	34.87
4376	101	3	14.68
102	769	10	52.48
1658	12	3	6.37
238	3155	3	38.14
3394	651	4	62.46
496	257	3	26.85
102	8684	3	25.06
102	1024	5	20.91
3056	14	7	39.11
6788	14	3	16.76
102	888	3	8.68
116	210	4	18.3
576	101	4	6.58
6753	14	3	16.76
480	1333	4	50.8
8389	14	3	16.76
231	182	22	240.35
101	2341	3	11
2031	144	3	29.55
12	1352	3	5
4566	104	3	23.46
7374	1775	3	58.15
57	1119	3	17.96
373	102	3	4.54
552	497	3	31.26
1438	229	6	74.53
291	693	3	29.43
417	881	7	91.71
8414	14	3	16.76
12	130	16	5.84
113	513	3	15.42
305	3470	3	39.79
641	2350	3	41.86
2736	107	4	33.17
57	109	18	39.96
12	3004	4	15.41
295	1034	11	153.27
4302	7764	3	64.31
3333	14	6	33.52
101	1643	3	8.32
2967	14	6	27.91
1427	101	4	12.87
12	1457	3	5.41
1623	14	10	45.31
138	21	4	14.43
12	1968	3	6.95
2051	12	4	12.79
589	415	3	30.84
101	1307	4	12.23
2579	147	4	44.9
2319	9	4	35.06
12	770	6	12.22
192	2034	3	32.96
12	694	5	7.71
409	104	7	34.12
1078	102	9	51.95
326	1575	5	64.71
5709	196	3	40.24
2404	14	7	33.21
1117	196	8	97.59
1220	367	3	34.14
636	117	3	18.96
2664	14	6	27.91
107	2810	5	45.03
3232	12	4	17.24
419	642	5	58.26
7145	14	3	16.76
5046	14	3	12.39
109	1091	4	25.16
983	101	6	20.38
163	116	15	97.38
12	1748	3	6.37
2077	263	3	35.87
102	4960	3	20.59
105	1145	4	22.45
135	107	7	18.03
8325	12	3	18.52
12	3491	3	10.48
251	1140	5	58.67
242	333	6	57.16
1010	5460	4	73.36
101	338	5	5.92
516	108	3	12.27
1733	105	5	35.29
4175	14	5	27.93
12	620	4	4.19
143	102	25	78.08
1101	179	6	65.83
241	792	3	29.13
2327	1049	3	44.62
1258	216	3	30.53
5081	158	4	57.08
115	102	13	8.71
104	1817	3	17.38
527	14	29	142.55
1691	14	9	40.11
4902	2663	3	56.99
5515	121	3	34.58
128	473	3	19.93
173	14	94	433.09
12	1492	3	5.41
9	85	10	65.21
1418	107	3	18.08
12	290	16	36.1
2388	12	3	8.4
248	277	5	44.36
152	674	6	57.34
101	2159	3	10.19
3074	14	6	27.91
555	101	5	9.92
4236	101	3	14.68
105	1098	5	29.93
178	108	3	5.82
1165	108	5	33.73
449	904	9	124.78
2648	12	4	13.97
3767	12	3	11.97
12	364	8	11.02
101	768	4	8.25
2620	772	7	119.61
149	1422	3	28.07
12	1305	3	5
441	102	6	18.29
197	1212	3	29.95
1929	14	7	27.27
586	101	12	46.86
302	105	4	12.71
1274	14	14	78.23
172	5769	3	38.96
105	1792	4	25.96
102	2529	4	22.45
378	4042	3	42.55
254	1265	3	32.48
4494	4420	4	82.42
945	14	18	92.88
6782	14	3	16.76
152	3176	5	65.28
57	260	4	15.45
104	358	15	94.1
287	686	5	54.59
297	14	52	273.91
2	1059	3	18.15
105	627	13	93.86
278	105	6	22.75
295	1820	5	64.83
597	471	4	44.59
12	114	50	48.05
12	175	15	13.85
1372	12	3	5.41
483	1409	13	223.56
465	102	7	23.92
521	221	3	25.81
12	2839	3	9.33
104	113	10	11.32
2913	14	7	39.11
4028	14	4	17.47
337	128	4	26.36
345	280	4	36.13
121	473	5	36.55
5783	113	3	30.87
114	146	13	71.28
110	288	5	23.7
6352	12	3	18.52
427	389	4	40.65
228	107	6	23.08
1076	956	16	301.16
102	155	13	27.92
5317	14	4	22.35
1609	2105	3	46.09
101	276	6	7.04
152	430	3	21.43
5106	14	4	22.35
3091	2996	3	51.92
362	2712	4	56.06
5282	14	4	22.35
156	227	4	25.82
1454	104	3	16.25
12	2153	3	7.62
104	940	4	20.86
12	2410	3	8.4
1283	2797	3	46.94
12	786	4	5.51
783	105	4	19.29
101	1139	3	6.61
230	4314	3	39.46
7286	14	3	16.76
2353	2072	3	49
631	186	9	98.69
1527	1525	3	44.05
12	2115	3	7.62
138	116	43	357.82
138	280	4	26.21
1782	14	9	40.11
227	662	4	39
2747	1682	6	112.87
555	908	3	34.64
130	847	7	67.79
2563	14	7	33.21
132	3890	3	33.7
5054	14	4	22.35
12	835	7	17.78
101	532	4	5.91
102	1165	3	10.02
953	110	8	65.55
983	1521	5	75.73
1048	12	3	3.98
104	776	6	34.16
1631	14	8	29.93
156	129	9	56.52
4261	14	4	17.47
12	5498	3	14.11
119	424	4	25.88
103	917	5	27.76
775	107	3	14.41
119	2144	4	38.99
370	101	7	13.29
8406	14	3	16.76
102	652	3	7.18
12	1349	4	8.87
8439	14	3	16.76
1388	8538	3	57
1082	1329	3	40.65
2	767	4	24.08
113	127	4	9.27
101	2516	4	17.54
172	2840	3	33.91
104	375	3	8.93
8317	14	3	16.76
1967	14	9	43.91
101	937	3	5.65
2453	101	3	11
6844	14	3	16.76
103	108	16	15.94
119	618	7	59.1
693	119	7	60.35
1388	8535	3	57
659	101	3	4.04
101	2593	3	11
2	692	3	15.7
3827	16	5	64.61
518	392	3	29.49
3389	14	5	22.65
101	1764	3	8.87
12	1526	3	5.86
632	568	3	33.17
136	290	3	18.06
118	170	8	43.92
241	250	6	54.18
12	2942	3	9.33
57	214	3	8.38
277	933	9	117.36
1962	114	3	24.19
1133	14	9	29.24
3356	14	6	33.52
7976	14	3	16.76
6057	5	3	40.66
197	244	3	20.7
12	247	13	20.42
112	106	33	117.62
312	1134	3	32.79
130	712	4	32.35
134	12	14	4.2
6942	1988	3	58.83
111	582	6	40.27
2751	1813	4	68.44
634	1046	7	100.59
149	1055	6	62.27
109	645	8	55.31
301	280	5	46.33
117	7622	3	37.46
7217	14	3	16.76
860	124	3	22.2
6028	14	4	22.35
227	1043	4	42.76
166	1232	3	28.25
214	102	6	9.92
176	314	4	30.32
233	12	12	15.64
102	326	45	349.14
207	314	3	22.59
2758	152	3	32.81
751	14	23	128.54
104	827	4	19.6
368	244	3	24.86
5	282	4	31.5
2925	101	3	11.97
1401	14	12	60.13
641	169	5	46.92
103	1799	3	17.24
12	4197	3	11.97
1234	102	4	16.36
2281	110	3	22.81
5206	161	3	38.34
1104	107	4	24.28
147	16	3	10.09
241	1835	3	34.43
446	14	33	159.62
2038	101	3	10.19
4414	14	4	17.47
111	180	6	24.52
728	1030	3	36.74
2140	101	3	10.19
2809	14	7	39.11
1163	102	3	10.02
113	1069	7	59.59
478	359	3	28.54
1128	102	7	36.84
1661	105	5	35.29
152	8	8	31.59
102	1243	4	16.36
139	430	3	20.44
1182	105	8	58.54
7906	14	3	16.76
57	130	5	11.03
7512	14	3	16.76
237	1323	5	59.33
12	1426	4	9.48
213	104	5	13.86
102	1040	5	20.91
984	14	18	100.59
2107	14	8	38.54
331	169	4	30.2
3948	14	5	27.93
114	376	4	22.08
537	455	3	30.69
6799	14	3	16.76
102	2463	4	22.45
352	102	3	4.21
700	454	3	32.06
112	966	6	47.05
117	727	5	37.98
12	4887	3	14.11
332	14	38	161.62
3055	14	4	13.17
4928	14	4	22.35
214	146	11	90.55
789	102	11	61.77
102	2988	3	15.63
105	389	8	40.57
451	1072	4	48.76
1363	12	4	9.48
119	4035	3	31.77
304	14	43	193.62
1293	14	11	47.29
4145	14	4	17.47
12	855	6	13.31
818	101	3	4.88
5641	14	3	12.39
925	340	8	103.59
105	137	13	42.79
5	587	4	37.32
112	143	29	196.95
846	107	3	14.97
112	1487	6	52.77
163	351	3	20.77
114	8683	3	36.38
798	2212	3	42.06
2845	14	6	27.91
109	106	11	10.06
8055	14	3	16.76
102	2141	3	13.79
5921	101	3	16.86
1175	102	3	10.02
157	772	3	24.82
12	241	19	42.47
765	2106	3	41.78
113	2788	6	65.03
2406	6869	3	60.46
269	265	24	309.1
3406	14	6	33.52
217	1114	3	30.11
12	2651	3	9.33
1019	2845	3	45.26
12	1180	5	12.02
12	1316	3	5
3589	14	5	22.65
573	117	5	35.9
1478	14	11	50.55
21	58	11	63.72
6024	14	4	22.35
12	1153	3	4.29
12	3972	3	11.97
288	12	7	5.59
433	152	4	31.22
348	6577	3	48.86
106	111	12	18.93
2265	101	4	16.32
1746	14	9	40.11
5061	14	4	22.35
7168	14	3	16.76
2416	14	4	11.76
3259	101	4	20.87
12	206	10	7.32
12	310	7	6.53
113	459	3	14.89
1861	250	3	34.81
1159	12	3	4.29
1578	7015	3	57.55
1172	368	4	47.63
823	104	5	26.92
5721	102	3	20.59
283	107	3	9.14
136	17	8	36.48
109	145	11	43.28
102	1026	3	9.31
3505	14	3	8.82
682	14	19	79.38
228	439	4	35.99
206	176	3	17.8
1867	521	4	54.85
164	814	4	36.38
399	236	3	24.93
618	102	5	16.58
107	197	12	59.15
224	3691	3	39.12
2956	5086	4	82.86
12	2545	3	8.4
7550	14	3	16.76
1565	101	3	8.32
2868	103	3	20.52
6824	14	3	16.76
139	186	21	189.85
17	163	4	14.91
102	1404	4	17.65
3718	12	3	11.97
633	434	4	44.76
723	102	3	7.63
612	195	3	25.8
102	262	4	5.76
149	614	3	23.3
403	106	3	10.42
139	566	3	22.12
175	8075	3	43.52
102	1230	5	22.99
101	364	5	6.61
322	14	42	191.84
836	551	6	78.62
1986	182	3	31.83
440	102	5	13.46
851	779	3	36.01
252	5571	3	42.52
12	1861	3	6.95
930	7438	3	54.14
899	147	7	72.25
400	6062	4	66.21
301	414	3	26.86
148	224	10	81.75
1790	101	6	27.73
1183	226	3	30.85
710	8	3	16.24
6911	14	3	16.76
12	1101	3	3.98
1048	2	3	18.15
2400	102	5	31.28
2079	12	4	12.79
323	314	4	36.87
101	679	5	11.64
5292	14	4	22.35
114	3111	4	38.97
102	816	7	31.43
5115	14	3	12.39
102	645	13	73.01
9	62	7	44.25
7382	14	3	16.76
12	1354	3	5
252	1465	5	61.22
114	102	14	9.41
2370	3699	5	102.71
3542	104	3	21.88
788	466	4	46.45
102	2239	3	13.79
240	12	26	74.89
9	101	25	7.51
102	969	5	20.31
8138	14	3	16.76
2346	975	4	61.78
377	14	40	202.23
102	7853	3	25.06
152	841	3	25.17
12	338	6	4.79
1013	101	5	14.98
142	1818	3	28.76
894	12	4	6.17
5520	12	4	24.69
1019	328	3	32.26
3150	568	6	104.2
2416	136	3	30.67
102	7778	3	25.06
57	58	4	8.84
5016	14	4	22.35
3604	14	4	14.96
437	14	36	192.17
138	771	3	23.51
183	1436	3	30
102	2140	3	13.79
5197	104	3	25.68
563	377	7	83.12
285	102	4	6.2
12	1239	4	8.32
1016	246	4	43.31
12	1307	4	8.87
2326	510	6	93.48
1253	107	4	25.41
4267	14	5	27.93
1624	14	12	67.05
2403	14	7	33.21
104	120	10	20.19
107	2129	3	20.63
1241	101	3	6.98
8135	14	3	16.76
493	137	5	40.46
12	468	8	14.28
101	770	3	4.65
121	4116	3	32.35
326	1725	3	35.59
101	694	3	4.23
117	2	4	4.81
12	4241	3	11.97
1457	101	4	12.87
101	130	14	10.38
6969	14	3	16.76
5347	1946	4	78.96
5823	755	3	48.73
2968	14	6	27.91
261	57	3	9.92
759	103	3	12.48
6940	14	3	16.76
429	1723	3	37.17
102	2957	4	23.95
2882	12	5	22.67
1848	107	4	29.3
2092	830	4	59.61
430	662	11	150.76
1835	129	3	28.16
910	14	20	111.77
2210	187	5	61.44
6835	14	3	16.76
139	489	18	202.95
792	221	4	40.13
2309	566	4	56.79
138	1456	3	27.26
113	855	3	18.23
1678	1836	3	45.94
3037	14	5	19.81
1927	14	9	43.91
112	208	4	15.47
134	1	3	12.19
2069	248	5	65.84
640	139	3	22.81
102	364	7	21.07
6081	221	3	41.19
8	1	3	6.15
233	569	4	38.63
119	147	22	161.93
159	57	3	6.03
6772	14	3	16.76
2545	106	3	20.8
1894	14	10	55.87
5473	14	3	12.39
2162	14	8	38.54
105	1225	4	23.04
6906	14	3	16.76
541	2362	7	114.76
1125	14	15	76.46
175	1013	4	39.01
238	1154	4	44.01
102	172	6	6.69
2401	102	3	14.63
3152	566	4	61.52
101	259	9	15.88
249	3581	3	38.51
2	115	5	6.9
3747	101	4	23.45
12	412	7	9.49
1097	602	3	36.14
1581	14	11	54.7
145	106	7	18.54
101	2616	3	11
955	257	3	30.56
739	104	5	25.97
12	1105	3	3.98
2830	14	6	27.91
259	101	6	6.58
102	620	4	11.48
4323	14	4	17.47
12	1436	4	9.48
611	272	11	139.08
743	164	4	35.62
1650	1220	3	42.54
1249	9	4	28.8
1321	12	3	5
378	415	5	52.53
1019	304	3	31.89
1861	152	3	30.16
105	644	4	18.25
101	4276	3	14.68
1348	196	11	150.53
12	160	12	5.81
1428	14	12	60.13
374	14	42	225.43
129	934	5	45.46
7209	14	3	16.76
2757	14	6	27.91
8	8043	3	34.19
540	169	3	23.68
140	133	4	17.72
105	4443	4	35.3
292	102	5	9.81
303	12	7	6.33
2583	122	4	41.07
1167	1731	4	60.01
320	102	8	24.18
9	16	6	14.47
671	104	3	12.11
103	119	8	12.43
1147	107	6	43
2772	14	7	39.11
635	1275	5	69.6
596	224	4	38.25
407	104	3	9.34
101	666	4	7.35
106	179	5	13.2
1097	649	3	36.61
195	1635	3	31.12
8609	14	3	16.76
473	322	3	27.89
212	106	6	20.86
5194	14	3	12.39
58	4300	3	35.07
101	105	72	48.35
6941	14	3	16.76
1039	232	3	30.07
6127	468	3	50.57
180	575	14	166.37
411	926	10	140.61
109	907	3	15.93
3872	1272	3	49.77
5901	104	3	25.68
361	103	3	8.55
170	467	3	22.92
7764	14	3	16.76
502	107	6	32.65
180	147	11	84.68
266	868	4	42.73
1098	181	3	28.15
1089	6760	3	55.2
1114	283	4	45.62
390	12	9	15.39
3783	470	4	62.54
127	1568	4	38.24
105	237	4	10.7
8669	12	3	18.52
1204	647	4	52.71
4446	14	5	27.93
640	101	12	50.13
101	346	8	16.18
514	777	3	33.13
1220	1237	5	75.11
4248	107	4	37.71
108	114	8	12.3
539	101	9	27.83
162	108	53	404.23
254	668	3	28.69
2	248	3	10.1
2029	136	3	29.04
335	104	3	8.2
5719	14	4	22.35
1525	129	3	26.89
12	2049	7	33.86
7979	14	3	16.76
6861	14	3	16.76
315	151	4	28.71
102	394	3	4.77
5634	14	3	12.39
6491	14	3	16.76
2170	1807	3	46.7
1136	14	15	76.46
3854	12	4	19.78
9	12	40	12.55
2229	107	6	52.65
611	152	3	23.57
186	418	4	33.39
101	3492	3	13.15
2191	103	6	48.65
103	2908	4	30.52
12	3695	4	19.78
2881	14	4	13.17
834	169	3	26.15
102	3565	3	16.84
439	2162	3	38.77
101	935	6	19.65
120	6761	3	38.69
12	339	7	7.16
12	190	17	22.68
101	722	3	4.44
2063	763	3	41.78
3134	12	4	17.24
3592	14	5	22.65
466	108	3	11.75
392	14	34	153.46
432	1855	3	37.84
102	817	5	18.72
480	262	4	38.18
110	123	4	7
1703	104	3	17.38
2819	104	3	20.65
137	119	4	14.44
537	131	10	96.22
135	661	7	65.38
5062	14	4	22.35
7819	8	3	34.19
1057	101	3	6.27
2538	14	8	44.7
310	4988	3	43.73
101	2234	4	16.32
1	9	4	10.7
219	856	3	28.41
12	215	8	4.22
140	140	9	57.2
1883	101	3	9.49
101	1102	3	6.27
8599	14	3	16.76
103	258	3	6.88
317	2472	3	37.77
590	105	4	17.64
1119	106	6	41.63
102	1005	3	9.31
101	1864	3	9.49
923	101	3	5.38
5768	12	3	14.11
190	13	3	14.08
3235	248	3	38.51
58	1604	6	67.09
5064	1306	3	52
135	351	10	88.7
105	1614	3	16.84
2568	392	4	55.12
2053	113	5	46.61
1916	117	4	36.53
362	101	15	51.74
1029	14	18	100.59
2309	565	4	56.79
101	380	9	22.18
623	102	3	6.97
101	513	4	5.71
12	977	4	6.93
7636	14	3	16.76
104	727	3	12.35
117	57	4	4.24
1593	101	3	8.32
478	101	4	5.33
209	4252	3	38.51
933	433	4	47.53
994	104	3	14.14
142	335	3	19.15
560	2551	7	115.28
113	175	11	58.88
12	478	5	4.96
3052	14	7	39.11
1662	263	6	79.82
2134	14	4	10.61
8329	14	3	16.76
12	1241	3	4.63
101	2054	3	10.19
102	664	9	42.19
209	340	10	102.58
3758	12	3	11.97
3635	2325	4	73.7
179	262	35	442.54
12	5921	3	14.11
531	12	7	11.92
1523	12	3	5.86
298	1666	3	35.1
562	1367	3	37.5
5920	4295	3	59.82
103	247	3	6.63
3978	14	5	27.93
102	1070	3	9.65
7575	14	3	16.76
12	176	15	14.05
1515	129	3	26.89
12	278	16	34.94
7606	14	3	16.76
1532	8	3	20.75
5611	14	4	22.35
4519	549	3	44.81
101	885	3	5.38
101	1089	3	6.27
2322	12	6	28.23
105	3071	3	20.71
1215	12	7	23.23
2963	102	3	15.63
119	1406	9	99.67
773	375	3	31.48
6027	104	3	25.68
4689	12	4	24.69
120	102	40	123.28
868	101	3	5.12
4135	2231	3	52.86
3465	14	5	22.65
8571	14	3	16.76
813	1441	5	72.4
2843	14	5	19.81
976	1140	3	39.03
435	1377	9	136.26
503	1260	3	35.74
886	12	6	13.91
7301	14	3	16.76
3419	108	3	23.8
112	1139	3	19.95
109	1748	6	50.31
232	165	17	168.16
3787	114	3	29.66
845	14	19	93.22
4413	14	3	10.28
2302	101	3	10.19
289	2434	3	37.07
1406	14	13	72.64
108	119	5	6.74
477	477	4	42.68
5158	14	4	22.35
102	397	3	4.77
899	392	3	32.68
109	8322	3	32.7
961	101	4	9.71
5193	14	4	22.35
695	14	21	95.88
12	782	4	5.21
12	698	7	15.24
12	631	5	7.04
5209	14	3	12.39
279	1698	3	34.65
952	2433	3	43.89
101	988	7	26.28
504	12	5	5.18
12	127	32	39.26
1700	12	4	10.92
12	191	15	16.96
451	116	3	16.94
991	14	18	100.59
538	1980	3	39.12
384	101	4	4.19
567	120	5	37.94
4588	14	5	27.93
283	117	12	92.19
136	105	5	7.89
470	12	6	7.68
141	125	13	84.27
101	1706	5	20.69
2705	12	5	22.67
1194	3240	3	47.72
466	103	3	9.82
1302	14	14	78.23
284	634	3	29.07
4611	4736	3	59.82
4341	196	3	38.01
212	171	15	141.6
113	128	36	245.18
12	4908	3	14.11
1115	1412	3	41.56
101	681	4	7.64
106	163	3	4.46
192	1154	4	41.27
109	208	3	7.57
7722	14	3	16.76
3268	14	4	14.96
1105	108	3	16.38
1181	4831	4	74.43
187	1294	5	55.57
3230	152	3	34.05
103	175	4	7.1
102	7990	3	25.06
1400	12	6	19.74
105	658	20	173.77
6779	14	3	16.76
113	576	3	16.21
696	153	3	24.1
104	316	3	8.08
903	5506	3	49.64
254	223	3	21.8
2848	177	5	64.53
12	1271	3	5
111	703	3	16.62
7990	14	3	16.76
2258	14	6	22.44
109	394	13	90.9
224	521	9	100.32
5289	14	4	22.35
498	14	6	5.37
850	101	4	8.94
119	344	4	24.12
2888	14	4	13.17
589	226	3	26.81
8528	14	3	16.76
102	327	6	15.03
104	655	3	11.87
5318	14	4	22.35
8557	14	3	16.76
102	1470	3	11.33
12	650	5	7.37
474	128	5	38.63
565	117	8	65.96
1035	101	4	10.14
101	409	7	14.85
112	230	12	77.33
4068	12	3	11.97
635	830	8	113.76
180	257	6	48.86
218	12	16	25.41
287	7743	3	47.65
1453	14	13	72.64
142	407	4	29.6
827	14	19	89.03
2089	1688	4	65.64
185	154	3	15.71
119	257	3	14.76
12	1934	3	6.95
244	954	3	30.17
225	150	12	103.7
12	812	5	8.87
7141	14	3	16.76
8259	14	3	16.76
1787	14	8	32.19
571	108	6	34.85
1500	108	4	26.83
1695	423	4	52.43
6704	509	3	50.94
592	486	3	31.69
1665	14	6	19
109	1615	7	60.08
4262	14	5	27.93
102	1558	3	11.84
198	102	18	64.33
2651	3075	4	73.3
3190	1528	3	49.23
102	279	6	13.35
1055	12	10	39.35
410	57	3	12.43
102	3026	3	15.63
109	1005	5	33.35
180	344	4	31.29
387	103	4	14.13
3312	14	6	33.52
213	495	3	25.2
326	948	3	31.91
1864	263	5	65.2
227	443	3	25.14
955	147	3	25.42
193	137	3	14.86
113	158	19	119.02
1989	651	5	73.98
5660	14	3	12.39
291	739	3	29.69
5774	14	4	22.35
365	101	4	3.92
3482	21	5	58.72
12	157	21	25.39
4052	14	3	10.28
241	152	10	85.7
130	104	5	6.75
104	404	3	9.34
113	484	4	22.45
102	2155	3	13.79
1832	12	7	31.27
246	2470	3	36.15
103	274	8	34.24
497	101	4	5.51
551	4226	3	44.81
8316	14	3	16.76
